# MolID	Frame0	Frame1	Frame2	Frame3	Frame4	Frame5	Frame6	Frame7	Frame8	Frame9	Frame10	Frame11	Frame12	Frame13	Frame14
1	1	4	4	4	4	4	4	4	4	4	4	4	4	4	3
2	1	4	4	4	4	4	4	4	4	4	4	4	4	4	3
3	1	4	4	4	4	4	4	4	4	4	4	4	4	4	3
4	1	4	4	4	4	4	4	4	4	4	4	4	4	4	3
5	1	4	4	4	4	4	4	4	4	4	4	4	4	4	3
6	1	4	4	4	4	4	4	4	4	4	4	4	4	4	3
7	1	4	4	4	4	4	4	3	4	4	4	4	4	4	3
8	1	3	4	4	4	4	3	3	4	4	4	4	4	4	3
9	1	3	4	4	4	4	3	3	4	4	4	4	4	4	3
10	1	1	4	4	4	4	3	3	4	4	4	4	4	4	3
11	1	4	4	4	4	4	4	3	4	4	4	4	4	4	3
12	1	1	4	4	4	4	3	3	4	4	4	4	4	4	3
13	1	4	4	4	4	4	4	3	4	4	4	4	4	4	3
14	1	3	4	4	4	4	3	3	4	4	4	4	4	4	3
15	1	3	4	4	4	4	3	1	4	4	4	4	4	4	3
16	1	4	4	4	4	4	4	3	4	4	4	4	4	4	3
17	1	4	4	4	4	4	4	3	4	4	4	4	4	4	3
18	1	3	4	4	4	4	3	3	4	4	4	4	4	4	3
19	1	4	4	4	4	4	4	3	4	4	4	4	4	4	3
20	1	3	4	4	4	4	1	3	4	4	4	4	4	4	3
21	1	3	4	4	4	4	3	3	4	4	4	4	4	4	3
22	1	3	4	4	4	4	3	3	4	4	4	4	4	4	3
23	1	4	4	4	4	4	4	3	4	4	4	4	4	4	3
24	1	4	4	4	4	4	4	4	4	4	4	4	4	4	3
25	1	4	4	4	4	4	4	4	4	4	4	4	4	4	3
26	1	4	4	4	4	4	4	4	4	4	4	4	4	4	3
27	1	4	4	4	4	4	4	4	4	4	4	4	4	4	3
28	1	4	4	4	4	4	4	4	4	4	4	4	4	4	3
29	1	4	4	4	4	4	4	4	4	4	4	4	4	4	3
30	1	4	4	4	4	4	4	4	4	4	4	4	4	4	3
31	1	4	4	4	4	4	4	4	4	4	4	4	4	4	3
32	1	4	4	4	4	4	4	4	4	4	4	4	4	4	3
33	1	4	4	4	4	4	4	4	4	4	4	4	4	4	3
34	1	4	4	4	4	4	4	4	4	4	4	4	4	4	3
35	1	4	4	4	4	4	4	4	4	4	4	4	4	4	3
36	1	4	4	4	4	4	4	4	4	4	4	4	4	4	3
37	1	4	4	4	4	4	3	4	3	4	4	3	4	4	3
38	1	4	4	4	4	4	3	4	3	4	4	3	4	4	3
39	1	4	4	4	4	4	4	4	4	4	4	4	4	4	3
40	1	4	4	4	4	4	3	4	3	4	4	3	4	4	3
41	1	4	4	4	4	4	4	4	4	4	4	4	4	4	3
42	1	4	4	4	4	4	4	4	4	4	4	4	4	4	3
43	1	4	4	4	4	4	4	4	4	4	4	4	4	4	3
44	1	4	4	4	4	4	4	4	4	4	4	4	4	4	3
45	1	4	4	4	4	4	4	4	4	4	4	4	4	4	3
46	1	4	4	4	4	4	4	4	4	4	4	4	4	4	3
47	1	4	4	4	4	4	4	4	4	4	4	4	4	4	3
48	1	4	4	4	4	4	3	4	3	4	4	3	4	4	3
49	1	4	4	4	4	4	3	4	3	4	4	3	4	4	3
50	1	4	4	4	4	4	3	4	3	4	4	3	4	4	3
51	1	4	4	4	4	4	3	4	3	4	4	3	4	4	3
52	1	4	3	4	4	4	4	4	4	4	2	2	2	2	2
53	1	4	3	4	4	4	4	4	4	4	2	2	2	2	2
54	1	4	4	4	4	4	4	4	4	4	2	2	2	2	2
55	1	4	3	4	4	4	4	4	4	4	2	2	2	2	2
56	1	4	4	4	4	4	4	4	4	4	2	2	2	2	2
57	1	4	3	4	4	4	4	4	4	4	2	2	2	2	2
58	1	4	3	4	4	4	4	4	4	4	2	2	2	2	2
59	1	4	3	4	4	4	4	4	4	4	2	2	2	2	2
60	1	4	4	4	4	4	4	4	4	4	2	2	2	2	2
61	1	4	3	4	4	4	4	4	4	4	2	2	2	2	2
62	1	4	3	4	4	4	4	4	4	4	2	2	2	2	2
63	1	4	3	4	4	4	4	4	4	4	2	2	2	2	2
64	1	4	3	4	4	4	4	4	4	4	2	2	2	2	2
65	1	4	3	4	4	4	4	4	4	4	2	2	2	2	2
66	1	4	3	4	4	4	4	4	4	4	2	2	2	2	2
67	1	4	4	4	4	4	4	4	4	4	2	2	2	2	2
68	1	4	4	4	4	4	4	4	4	4	2	2	2	2	2
69	1	4	4	4	4	4	4	4	4	4	2	2	2	2	2
70	1	4	3	4	4	4	4	4	4	4	2	2	2	2	2
71	1	4	3	4	4	4	4	4	4	4	2	2	2	2	2
72	1	4	4	4	4	4	4	4	4	4	2	2	2	2	2
73	1	4	3	4	4	4	4	4	4	4	2	2	2	2	2
74	1	4	3	4	4	4	4	4	4	4	2	2	2	2	2
75	1	4	2	2	2	2	2	4	2	4	2	4	2	2	2
76	1	4	2	2	2	2	2	4	2	4	2	4	2	2	2
77	1	4	2	2	2	2	2	4	2	4	2	4	2	2	2
78	1	4	2	2	2	2	2	4	2	4	2	4	2	2	2
79	1	4	2	2	2	2	2	4	2	4	2	4	2	2	2
80	1	4	2	2	2	2	2	4	2	4	2	4	2	2	2
81	1	4	2	2	2	2	2	4	2	4	2	4	2	2	2
82	1	4	2	2	2	2	2	4	2	4	2	4	2	2	2
83	1	4	2	2	2	2	2	4	2	4	2	4	2	2	2
84	1	4	2	2	2	2	2	4	2	4	2	4	2	2	2
85	1	4	2	2	2	2	2	4	2	4	2	4	2	2	2
86	1	4	2	2	2	2	2	4	2	4	2	4	2	2	2
87	1	4	2	2	2	2	2	4	2	4	2	4	2	2	2
88	1	4	2	2	2	2	2	4	2	4	2	4	2	2	2
89	1	4	2	2	2	2	2	4	2	4	2	4	2	2	2
90	1	4	2	2	2	2	2	4	2	4	2	4	2	2	2
91	1	4	2	2	2	2	2	4	2	4	2	4	2	2	2
92	1	4	2	2	2	2	2	4	2	4	2	4	2	2	2
93	1	4	2	2	2	2	2	4	2	4	2	4	2	2	2
94	1	4	2	2	2	2	2	4	2	4	2	4	2	2	2
95	1	4	2	2	2	2	2	4	2	4	2	4	2	2	2
96	1	4	4	2	4	2	4	4	4	4	2	2	4	4	2
97	1	3	4	2	4	2	4	4	4	4	2	2	4	4	2
98	1	4	4	2	4	2	4	4	4	4	2	2	4	4	2
99	1	3	4	2	4	2	4	4	4	4	2	2	4	4	2
100	1	4	4	2	4	2	4	4	4	4	2	2	4	4	2
101	1	4	4	2	4	2	4	4	4	4	2	2	4	4	2
102	1	4	4	2	4	2	4	4	4	4	2	2	4	4	2
103	1	1	4	2	4	2	4	4	4	4	2	2	4	4	2
104	1	4	4	2	4	2	4	4	4	4	2	2	4	4	2
105	1	4	4	2	4	2	4	4	4	4	2	2	4	4	2
106	1	4	4	2	4	2	4	4	4	4	2	2	4	4	2
107	1	3	4	2	4	2	4	4	4	4	2	2	4	4	2
108	1	4	4	2	4	2	4	4	4	4	2	2	4	4	2
109	1	4	4	2	4	2	4	4	4	4	2	2	4	4	2
110	1	4	4	2	4	2	4	4	4	4	2	2	4	4	2
111	1	4	4	2	4	2	4	4	4	4	2	2	4	4	2
112	1	4	4	2	4	2	4	4	4	4	2	2	4	4	2
113	1	4	4	2	4	2	4	4	4	4	2	2	4	4	2
114	1	3	4	2	4	2	4	4	4	4	2	2	4	4	2
115	1	4	4	4	4	4	4	4	2	2	4	2	2	2	2
116	1	4	4	4	4	4	4	4	2	2	4	2	2	2	2
117	1	3	4	4	4	4	4	4	2	2	4	2	2	2	2
118	1	4	4	4	4	4	4	4	2	2	4	2	2	2	2
119	1	4	4	4	4	3	4	4	2	2	4	2	2	2	2
120	1	4	4	4	4	4	4	4	2	2	4	2	2	2	2
121	1	4	4	4	4	3	4	4	2	2	4	2	2	2	2
122	1	4	4	4	4	3	4	4	2	2	4	2	2	2	2
123	1	4	4	4	4	3	4	4	2	2	4	2	2	2	2
124	1	3	4	4	4	4	4	4	2	2	4	2	2	2	2
125	1	4	4	4	4	3	4	4	2	2	4	2	2	2	2
126	1	3	4	4	4	4	4	4	2	2	4	2	2	2	2
127	1	4	4	4	4	4	4	4	2	2	4	2	2	2	2
128	1	3	4	4	4	4	4	4	2	2	4	2	2	2	2
129	1	3	4	4	4	4	4	4	2	2	4	2	2	2	2
130	1	4	4	4	4	4	4	4	2	2	4	2	2	2	2
131	1	4	4	4	4	3	4	4	2	2	4	2	2	2	2
132	1	4	4	4	4	4	4	4	2	2	4	2	2	2	2
133	1	4	4	4	4	3	4	4	2	2	4	2	2	2	2
134	1	3	4	4	4	4	4	4	2	2	4	2	2	2	2
135	1	4	4	4	4	3	4	4	2	2	4	2	2	2	2
136	1	4	4	4	4	3	4	4	2	2	4	2	2	2	2
137	1	3	4	4	4	4	4	4	2	2	4	2	2	2	2
138	1	3	2	2	2	2	2	2	2	2	2	2	2	2	2
139	1	3	2	2	2	2	2	2	2	2	2	2	2	2	2
140	1	3	2	2	2	2	2	2	2	2	2	2	2	2	2
141	1	3	2	2	2	2	2	2	2	2	2	2	2	2	2
142	1	3	2	2	2	2	2	2	2	2	2	2	2	2	2
143	1	3	2	2	2	2	2	2	2	2	2	2	2	2	2
144	1	3	2	2	2	2	2	2	2	2	2	2	2	2	2
145	1	3	2	2	2	2	2	2	2	2	2	2	2	2	2
146	1	3	2	2	2	2	2	2	2	2	2	2	2	2	2
147	1	3	2	2	2	2	2	2	2	2	2	2	2	2	2
148	1	3	2	2	2	2	2	2	2	2	2	2	2	2	2
149	1	3	2	2	2	2	2	2	2	2	2	2	2	2	2
150	1	3	2	2	2	2	2	2	2	2	2	2	2	2	2
151	1	3	2	2	2	2	2	2	2	2	2	2	2	2	2
152	1	3	2	2	2	2	2	2	2	2	2	2	2	2	2
153	1	3	2	2	2	2	2	2	2	2	2	2	2	2	2
154	1	3	2	2	2	2	2	2	2	2	2	2	2	2	2
155	1	3	2	2	2	2	2	2	2	2	2	2	2	2	2
156	1	3	2	2	2	2	2	2	2	2	2	2	2	2	2
157	1	3	2	2	2	2	2	2	2	2	2	2	2	2	2
158	1	3	2	2	2	2	2	2	2	2	2	2	2	2	2
159	1	1	2	2	2	2	2	2	2	2	2	2	2	2	2
160	1	3	2	2	2	2	2	2	2	2	2	2	2	2	2
161	1	3	2	2	2	2	2	2	2	2	2	2	2	2	2
162	1	4	3	3	2	4	2	2	2	2	2	2	2	2	2
163	1	4	3	3	2	4	2	2	2	2	2	2	2	2	2
164	1	4	4	4	2	4	2	2	2	2	2	2	2	2	2
165	1	4	4	4	2	4	2	2	2	2	2	2	2	2	2
166	1	4	3	3	2	4	2	2	2	2	2	2	2	2	2
167	1	4	4	4	2	4	2	2	2	2	2	2	2	2	2
168	1	4	3	3	2	4	2	2	2	2	2	2	2	2	2
169	1	4	4	4	2	4	2	2	2	2	2	2	2	2	2
170	1	4	4	4	2	4	2	2	2	2	2	2	2	2	2
171	1	4	4	4	2	4	2	2	2	2	2	2	2	2	2
172	1	4	4	4	2	4	2	2	2	2	2	2	2	2	2
173	1	4	3	3	2	4	2	2	2	2	2	2	2	2	2
174	1	4	4	4	2	4	2	2	2	2	2	2	2	2	2
175	1	4	3	3	2	4	2	2	2	2	2	2	2	2	2
176	1	4	4	4	2	4	2	2	2	2	2	2	2	2	2
177	1	4	4	4	2	4	2	2	2	2	2	2	2	2	2
178	1	4	4	4	2	4	2	2	2	2	2	2	2	2	2
179	1	4	4	4	2	4	2	2	2	2	2	2	2	2	2
180	1	4	4	4	2	4	2	2	2	2	2	2	2	2	2
181	1	4	4	4	2	4	2	2	2	2	2	2	2	2	2
182	1	4	3	3	2	4	2	2	2	2	2	2	2	2	2
183	1	4	4	4	2	4	2	2	2	2	2	2	2	2	2
184	1	4	4	4	2	4	2	2	2	2	2	2	2	2	2
185	1	4	4	4	2	4	2	2	2	2	2	2	2	2	2
186	1	4	4	4	4	4	2	2	2	4	4	4	2	2	2
187	1	4	4	4	4	4	2	2	2	4	4	4	2	2	2
188	1	4	4	4	4	4	2	2	2	4	4	4	2	2	2
189	1	4	3	4	4	4	2	2	2	4	4	4	2	2	2
190	1	4	4	4	4	4	2	2	2	4	4	4	2	2	2
191	1	4	3	4	4	4	2	2	2	4	4	4	2	2	2
192	1	4	3	4	4	4	2	2	2	4	4	4	2	2	2
193	1	4	4	4	4	4	2	2	2	4	4	4	2	2	2
194	1	4	3	4	4	4	2	2	2	4	4	4	2	2	2
195	1	4	3	4	4	4	2	2	2	4	4	4	2	2	2
196	1	4	4	4	4	4	2	2	2	4	4	4	2	2	2
197	1	4	4	4	4	4	2	2	2	4	4	4	2	2	2
198	1	4	3	4	4	4	2	2	2	4	4	4	2	2	2
199	1	4	4	4	4	4	2	2	2	4	4	4	2	2	2
200	1	4	3	4	4	4	2	2	2	4	4	4	2	2	2
201	1	4	3	4	4	4	2	2	2	4	4	4	2	2	2
202	1	4	3	4	4	4	2	2	2	4	4	4	2	2	2
203	1	4	3	4	4	4	2	2	2	4	4	4	2	2	2
204	1	4	3	4	4	4	2	2	2	4	4	4	2	2	2
205	1	4	3	4	4	4	2	2	2	4	4	4	2	2	2
206	1	4	4	4	4	4	2	2	2	4	4	4	2	2	2
207	1	4	4	4	3	2	2	2	2	2	2	2	2	2	2
208	1	4	4	4	3	2	2	2	2	2	2	2	2	2	2
209	1	4	4	4	3	2	2	2	2	2	2	2	2	2	2
210	1	4	4	4	3	2	2	2	2	2	2	2	2	2	2
211	1	4	4	4	3	2	2	2	2	2	2	2	2	2	2
212	1	4	4	4	3	2	2	2	2	2	2	2	2	2	2
213	1	4	4	4	3	2	2	2	2	2	2	2	2	2	2
214	1	4	4	4	3	2	2	2	2	2	2	2	2	2	2
215	1	4	4	4	3	2	2	2	2	2	2	2	2	2	2
216	1	4	4	4	3	2	2	2	2	2	2	2	2	2	2
217	1	4	4	4	3	2	2	2	2	2	2	2	2	2	2
218	1	4	4	4	3	2	2	2	2	2	2	2	2	2	2
219	1	4	4	4	3	2	2	2	2	2	2	2	2	2	2
220	1	4	4	4	3	2	2	2	2	2	2	2	2	2	2
221	1	4	4	4	3	2	2	2	2	2	2	2	2	2	2
222	1	4	4	4	3	2	2	2	2	2	2	2	2	2	2
223	1	4	4	4	3	2	2	2	2	2	2	2	2	2	2
224	1	4	4	4	3	2	2	2	2	2	2	2	2	2	2
225	1	4	4	4	3	2	2	2	2	2	2	2	2	2	2
226	1	4	4	4	3	2	2	2	2	2	2	2	2	2	2
227	1	4	4	4	3	2	2	2	2	2	2	2	2	2	2
228	1	4	4	4	3	2	2	2	2	2	2	2	2	2	2
229	1	4	4	4	3	2	2	2	2	2	2	2	2	2	2
230	1	4	4	4	3	2	2	2	2	2	2	2	2	2	2
231	1	4	3	4	4	4	4	4	4	4	4	2	4	3	2
232	1	4	3	4	4	4	4	4	4	4	4	2	4	3	2
233	1	4	3	4	4	4	4	4	4	4	4	2	4	3	2
234	1	4	3	4	4	4	4	4	4	4	4	2	4	3	2
235	1	4	4	4	3	4	4	3	4	4	4	2	4	3	2
236	1	4	3	4	4	4	4	4	4	4	4	2	4	3	2
237	1	4	3	4	4	4	4	4	4	4	4	2	4	3	2
238	1	4	3	4	4	4	4	4	4	4	4	2	4	3	2
239	1	4	3	4	4	4	4	4	4	4	4	2	4	3	2
240	1	4	4	4	3	4	4	3	4	4	4	2	4	3	2
241	1	4	4	4	3	4	4	3	4	4	4	2	4	3	2
242	1	4	4	4	3	4	4	3	4	4	4	2	4	3	2
243	1	4	4	4	3	4	4	3	4	4	4	2	4	3	2
244	1	4	3	4	4	4	4	4	4	4	4	2	4	3	2
245	1	4	3	4	4	4	4	4	4	4	4	2	4	3	2
246	1	4	4	4	3	4	4	3	4	4	4	2	4	3	2
247	1	4	3	4	4	4	4	4	4	4	4	2	4	3	2
248	1	4	3	4	4	4	4	4	4	4	4	2	4	3	2
249	1	4	4	4	3	4	4	3	4	4	4	2	4	3	2
250	1	4	3	4	4	4	4	4	4	4	4	2	4	3	2
251	1	4	3	4	3	4	4	4	4	4	4	4	4	4	2
252	1	4	3	4	3	4	4	4	4	4	4	4	4	4	2
253	1	3	3	3	4	4	4	4	4	4	4	4	4	4	2
254	1	3	3	3	4	4	4	4	4	4	4	4	4	4	2
255	1	3	3	3	4	4	4	4	4	4	4	4	4	4	2
256	1	3	3	3	4	4	4	4	4	4	4	4	4	4	2
257	1	4	1	4	3	4	4	4	4	4	4	4	4	4	2
258	1	3	3	3	4	4	4	4	4	4	4	4	4	4	2
259	1	3	3	3	4	4	4	4	4	4	4	4	4	4	2
260	1	3	3	3	4	4	4	4	4	4	4	4	4	4	2
261	1	3	3	3	4	4	4	4	4	4	4	4	4	4	2
262	1	4	3	4	3	4	4	4	4	4	4	4	4	4	2
263	1	3	3	3	4	4	4	4	4	4	4	4	4	4	2
264	1	4	3	4	3	4	4	4	4	4	4	4	4	4	2
265	1	3	3	3	4	4	4	4	4	4	4	4	4	4	2
266	1	4	3	4	3	4	4	4	4	4	4	4	4	4	2
267	1	3	3	3	4	4	4	4	4	4	4	4	4	4	2
268	1	4	3	4	3	4	4	4	4	4	4	4	4	4	2
269	1	1	3	3	4	4	4	4	4	4	4	4	4	4	4
270	1	4	4	4	4	4	4	4	4	4	4	4	4	4	4
271	1	4	4	4	4	4	4	4	4	4	4	4	4	4	4
272	1	4	4	4	4	4	4	4	4	4	4	4	4	4	4
273	1	4	4	4	4	4	4	4	4	4	4	4	4	4	4
274	1	3	3	3	4	4	4	4	4	4	4	4	4	4	4
275	1	3	3	3	4	4	4	4	4	4	4	4	4	4	4
276	1	4	4	4	4	4	4	4	4	4	4	4	4	4	4
277	1	4	4	4	4	4	4	4	4	4	4	4	4	4	4
278	1	1	3	3	4	4	4	4	4	4	4	4	4	4	4
279	1	4	4	4	4	4	4	4	4	4	4	4	4	4	4
280	1	4	4	4	4	4	4	4	4	4	4	4	4	4	4
281	1	4	4	4	4	4	4	4	4	4	4	4	4	4	4
282	1	3	4	4	4	4	4	4	4	4	4	4	4	4	4
283	1	3	4	4	4	4	4	4	4	4	4	4	4	4	4
284	1	3	4	4	4	4	4	4	4	4	4	4	4	4	4
285	1	3	4	4	4	4	4	4	4	4	4	4	4	4	4
286	1	3	4	4	4	4	4	4	4	4	4	4	4	4	4
287	1	3	4	4	4	4	4	4	4	4	4	4	4	4	4
288	1	3	4	4	4	4	4	4	4	4	4	4	4	4	4
289	1	3	4	4	4	4	4	4	4	4	4	4	4	4	4
290	1	3	4	4	4	4	4	4	4	4	4	4	4	4	4
291	1	3	4	4	4	4	4	4	4	4	4	4	4	4	4
292	1	3	4	4	4	4	4	4	4	4	4	4	4	4	4
293	1	1	4	4	4	4	4	4	4	4	4	4	4	4	4
294	1	4	4	4	4	4	4	4	4	3	4	4	4	4	4
295	1	4	4	4	4	4	4	4	4	3	4	4	4	4	4
296	1	4	4	4	4	4	4	4	4	3	4	4	4	4	4
297	1	4	4	4	4	4	4	4	4	3	4	4	4	4	4
298	1	4	4	4	4	4	4	4	4	3	4	4	4	4	4
299	1	4	4	4	4	4	4	4	4	3	4	4	4	4	4
300	1	4	4	4	4	4	4	4	4	3	4	4	4	4	4
301	1	4	4	4	4	4	4	4	4	3	4	4	4	4	4
302	1	4	4	4	4	4	4	4	4	3	4	4	4	4	4
303	1	4	4	4	4	4	4	4	4	3	4	4	4	4	4
304	1	4	4	4	4	4	4	4	4	3	4	4	4	4	4
305	1	4	4	4	4	4	4	4	4	3	4	4	4	4	4
306	1	4	4	4	4	4	4	4	4	3	4	4	4	4	4
307	1	4	4	4	4	4	4	4	4	4	4	4	4	4	4
308	1	4	4	4	4	4	4	4	4	4	4	4	4	4	4
309	1	4	4	4	4	4	4	4	4	4	4	4	4	4	4
310	1	4	4	4	4	4	4	4	4	4	4	4	4	4	4
311	1	4	4	4	4	4	4	4	4	4	4	4	4	4	4
312	1	4	4	4	4	4	4	4	4	4	4	4	4	4	4
313	1	4	4	4	4	4	4	4	4	4	4	4	4	4	4
314	1	4	4	4	4	4	4	4	4	4	4	4	4	4	4
315	1	4	4	4	4	4	4	4	4	4	4	4	4	4	4
316	1	4	4	4	4	4	4	4	4	4	4	4	4	4	4
317	1	4	4	4	4	4	4	4	4	4	4	4	4	4	4
318	1	4	4	4	4	4	4	4	4	4	4	4	4	4	4
319	1	4	4	4	4	4	4	4	4	4	4	4	4	4	4
320	1	4	4	4	4	4	4	4	4	4	4	4	4	4	4
321	1	4	4	4	4	4	4	4	4	4	4	4	4	4	4
322	1	4	4	4	4	4	4	4	4	4	4	4	4	4	4
323	1	4	4	3	4	4	4	4	4	4	4	4	4	4	4
324	1	4	4	3	4	4	4	4	4	4	4	4	4	4	4
325	1	4	4	3	4	4	4	4	4	4	4	4	4	4	4
326	1	4	4	3	4	4	4	4	4	4	4	4	4	4	4
327	1	4	4	3	4	4	4	4	4	4	4	4	4	4	4
328	1	4	4	3	4	4	4	4	4	4	4	4	4	4	4
329	1	4	4	3	4	4	4	4	4	4	4	4	4	4	4
330	1	4	4	3	4	4	4	4	4	4	4	4	4	4	4
331	1	4	4	3	4	4	4	4	4	4	4	4	4	4	4
332	1	3	4	4	4	4	4	4	4	3	4	3	4	4	4
333	1	4	4	4	4	4	4	4	4	3	4	3	4	4	4
334	1	4	4	4	4	4	4	4	4	3	4	3	4	4	4
335	1	3	4	4	4	4	4	4	4	3	4	3	4	4	4
336	1	4	4	4	4	4	4	4	4	3	4	3	4	4	4
337	1	3	4	4	4	4	4	4	4	3	4	3	4	4	4
338	1	3	4	4	4	4	4	4	4	3	4	3	4	4	4
339	1	4	3	4	2	2	2	2	2	4	4	4	2	2	4
340	1	3	3	3	2	2	2	2	2	4	4	4	2	2	4
341	1	3	3	1	2	2	2	2	2	4	4	4	2	2	4
342	1	4	3	4	2	2	2	2	2	4	4	4	2	2	4
343	1	4	3	4	2	2	2	2	2	4	4	4	2	2	4
344	1	3	3	3	2	2	2	2	2	4	4	4	2	2	4
345	1	4	3	4	2	2	2	2	2	4	4	4	2	2	4
346	1	4	3	4	2	2	2	2	2	4	4	4	2	2	4
347	1	3	3	3	2	2	2	2	2	4	4	4	2	2	4
348	1	4	3	4	2	2	2	2	2	4	4	4	2	2	4
349	1	4	3	4	2	2	2	2	2	4	4	4	2	2	4
350	1	4	3	4	2	2	2	2	2	4	4	4	2	2	4
351	1	4	3	4	2	2	2	2	2	4	4	4	2	2	4
352	1	4	3	4	2	2	2	2	2	4	4	4	2	2	4
353	1	4	3	4	2	2	2	2	2	4	4	4	2	2	4
354	1	4	3	4	2	2	2	2	2	4	4	4	2	2	4
355	1	4	3	4	2	2	2	2	2	4	4	4	2	2	4
356	1	4	3	4	2	2	2	2	2	4	4	4	2	2	4
357	1	4	3	4	2	2	2	2	2	4	4	4	2	2	4
358	1	4	3	4	2	2	2	2	2	4	4	4	2	2	4
359	1	4	3	4	2	2	2	2	2	4	4	4	2	2	4
360	1	4	4	4	4	4	3	4	4	2	2	4	2	4	4
361	1	4	4	4	4	4	4	4	4	2	2	4	2	4	4
362	1	4	4	4	4	4	4	4	4	2	2	4	2	4	4
363	1	4	4	4	4	4	4	4	4	2	2	4	2	4	4
364	3	4	4	4	4	4	4	4	4	2	2	4	2	4	4
365	1	4	4	4	4	4	3	4	4	2	2	4	2	4	4
366	3	4	4	4	4	4	4	4	4	2	2	4	2	4	4
367	1	4	4	4	4	4	4	4	4	2	2	4	2	4	4
368	1	4	4	4	4	4	3	4	4	2	2	4	2	4	4
369	1	4	4	4	4	4	4	4	4	2	2	4	2	4	4
370	1	4	4	4	4	4	3	4	4	2	2	4	2	4	4
371	1	4	4	4	4	4	3	4	4	2	2	4	2	4	4
372	1	4	4	4	4	4	1	4	4	2	2	4	2	4	4
373	1	4	4	4	4	4	4	4	4	2	2	4	2	4	4
374	1	4	4	4	4	4	4	4	4	2	2	4	2	4	4
375	1	4	4	4	4	4	3	4	4	2	2	4	2	4	4
376	1	4	4	4	4	4	4	4	4	2	2	4	2	4	4
377	1	4	4	4	4	4	3	4	4	2	2	4	2	4	4
378	1	4	4	4	4	4	4	4	4	2	2	4	2	4	4
379	1	3	4	4	4	4	3	4	4	4	4	4	4	4	4
380	1	3	4	4	4	4	3	4	4	4	4	4	4	4	4
381	1	3	4	3	4	4	4	4	4	4	4	4	4	4	4
382	1	3	4	4	4	4	3	4	4	4	4	4	4	4	4
383	1	3	4	4	4	4	3	4	4	4	4	4	4	4	4
384	1	3	4	4	4	4	3	4	4	4	4	4	4	4	4
385	1	3	4	4	4	4	3	4	4	4	4	4	4	4	4
386	1	3	4	4	4	4	3	4	4	4	4	4	4	4	4
387	1	3	4	3	4	4	4	4	4	4	4	4	4	4	4
388	1	3	4	4	4	4	3	4	4	4	4	4	4	4	4
389	1	3	4	4	4	4	3	4	4	4	4	4	4	4	4
390	1	3	4	3	4	4	4	4	4	4	4	4	4	4	4
391	1	1	4	1	4	4	4	4	4	4	4	4	4	4	4
392	1	3	4	3	4	4	4	4	4	4	4	4	4	4	4
393	1	1	4	4	4	4	3	4	4	4	4	4	4	4	4
394	1	3	4	4	4	4	3	4	4	4	4	4	4	4	4
395	3	4	4	4	4	4	4	4	4	4	4	4	4	4	4
396	1	3	4	4	4	4	4	4	4	4	4	4	4	4	4
397	3	4	4	4	4	4	4	4	4	4	4	4	4	4	4
398	1	4	4	4	4	4	4	4	4	4	4	4	4	4	4
399	1	3	4	4	4	4	4	4	4	4	4	4	4	4	4
400	1	3	4	4	4	4	4	4	4	4	4	4	4	4	4
401	1	3	4	4	4	4	4	4	4	4	4	4	4	4	4
402	1	3	4	4	4	4	4	4	4	4	4	4	4	4	4
403	1	4	4	4	4	4	4	4	4	4	4	4	4	4	4
404	1	3	4	4	4	4	4	4	4	4	4	4	4	4	4
405	3	4	4	4	4	4	4	4	4	4	4	4	4	4	4
406	3	4	4	4	4	4	4	4	4	4	4	4	4	4	4
407	1	3	4	4	4	4	4	4	4	4	4	4	4	4	4
408	1	3	4	4	4	4	4	4	4	4	4	4	4	4	4
409	1	4	4	4	4	4	4	4	4	4	4	4	4	4	4
410	1	4	4	4	4	4	4	4	4	4	4	4	4	4	4
411	1	4	4	4	4	4	4	4	4	4	4	4	4	4	4
412	1	4	4	4	4	4	4	4	4	4	4	4	4	4	4
413	1	4	4	4	4	4	4	4	4	4	4	4	4	4	4
414	1	4	4	4	4	4	4	4	4	4	4	4	4	4	4
415	3	4	4	4	4	4	4	4	4	4	4	4	4	4	4
416	1	4	4	4	4	4	4	4	4	4	4	4	4	4	4
417	1	4	4	4	4	4	4	4	4	4	4	4	4	4	4
418	3	4	4	4	4	4	4	4	4	4	4	4	4	4	4
419	1	4	4	4	4	4	4	4	4	4	4	4	4	4	4
420	1	4	4	4	4	4	4	4	4	4	4	4	4	4	4
421	1	4	4	4	4	4	4	4	4	4	4	4	4	4	4
422	1	4	4	4	4	4	4	4	4	4	4	4	4	4	4
423	1	4	4	4	4	4	4	4	4	4	4	4	4	4	4
424	1	4	3	3	4	4	4	4	4	4	4	4	4	4	4
425	1	4	3	3	4	4	4	4	4	4	4	4	4	4	4
426	1	4	4	4	4	4	4	4	4	4	4	4	4	4	4
427	1	4	4	4	4	4	4	4	4	4	4	4	4	4	4
428	1	4	4	4	4	4	4	4	4	4	4	4	4	4	4
429	1	4	4	4	4	4	4	4	4	4	4	4	4	4	4
430	1	4	3	3	4	4	4	4	4	4	4	4	4	4	4
431	1	4	4	4	4	4	4	4	4	4	4	4	4	4	4
432	1	4	3	3	4	4	4	4	4	4	4	4	4	4	4
433	1	4	4	4	4	4	4	4	4	4	4	4	4	4	4
434	1	4	1	3	4	4	4	4	4	4	4	4	4	4	4
435	1	4	4	4	4	4	4	4	4	4	4	4	4	4	4
436	1	4	3	3	4	4	4	4	4	4	4	4	4	4	4
437	1	4	3	3	4	4	4	4	4	4	4	4	4	4	4
438	1	4	4	4	4	4	4	4	4	4	4	4	4	4	4
439	1	4	4	4	4	4	4	4	4	4	4	4	4	4	4
440	1	4	4	4	3	3	3	3	4	4	4	4	4	4	4
441	1	4	4	4	4	4	4	4	4	4	4	4	4	4	4
442	1	4	4	4	3	3	3	3	4	4	4	4	4	4	4
443	1	4	4	4	4	4	4	4	4	4	4	4	4	4	4
444	1	3	4	4	4	4	4	4	4	4	4	4	4	4	4
445	1	3	4	4	4	4	4	4	4	4	4	4	4	4	4
446	1	3	4	4	4	4	4	4	4	4	4	4	4	4	4
447	1	4	4	4	4	4	4	4	4	4	4	4	4	4	4
448	1	3	4	4	4	4	4	4	4	4	4	4	4	4	4
449	1	4	4	4	4	4	4	4	4	4	4	4	4	4	4
450	1	4	4	4	4	4	4	4	4	4	4	4	4	4	4
451	1	3	4	4	4	4	4	4	4	4	4	4	4	4	4
452	1	4	4	4	3	3	3	3	4	4	4	4	4	4	4
453	1	4	4	4	4	4	4	4	4	4	4	4	4	4	4
454	1	4	4	4	3	3	3	3	4	4	4	4	4	4	4
455	1	4	4	4	4	4	4	4	4	4	4	4	4	4	4
456	1	4	4	4	4	4	4	4	4	4	4	4	4	4	4
457	1	4	4	4	4	4	4	4	4	4	4	4	4	4	4
458	1	4	4	4	4	4	4	4	4	4	4	4	4	4	4
459	1	4	4	4	4	4	4	4	4	4	4	4	4	4	4
460	1	4	4	4	4	4	4	4	4	4	4	4	4	4	4
461	1	4	4	4	4	4	4	4	4	4	4	4	4	4	4
462	1	4	4	4	4	4	4	4	4	4	4	4	4	4	4
463	1	4	4	4	4	4	4	4	4	4	4	4	4	4	4
464	1	4	4	4	4	4	4	4	4	4	4	4	4	4	4
465	1	4	4	4	4	4	4	4	4	4	4	4	4	4	4
466	1	4	4	4	4	4	4	4	4	4	4	4	4	4	4
467	1	4	4	4	4	4	4	4	4	4	4	4	4	4	4
468	1	4	4	4	4	4	4	4	4	4	4	4	4	4	4
469	1	4	4	4	4	4	4	4	4	4	4	4	4	4	4
470	1	4	4	4	4	4	4	4	4	4	4	4	4	4	4
471	1	4	4	4	4	4	4	4	4	4	4	4	4	4	4
472	1	1	4	4	4	4	4	4	4	4	4	4	4	4	4
473	1	3	4	4	4	4	4	4	4	4	4	4	4	4	4
474	1	3	4	4	3	4	4	4	4	4	4	4	4	4	4
475	1	4	4	4	4	4	4	4	4	4	4	4	4	4	4
476	1	3	4	4	3	4	4	4	4	4	4	4	4	4	4
477	1	3	4	4	4	4	4	4	4	4	4	4	4	4	4
478	1	3	4	4	3	4	4	4	4	4	4	4	4	4	4
479	1	3	4	4	3	4	4	4	4	4	4	4	4	4	4
480	1	3	4	4	3	4	4	4	4	4	4	4	4	4	4
481	1	1	4	4	4	4	4	4	4	4	4	4	4	4	4
482	1	4	4	4	4	4	4	4	4	4	4	4	4	4	4
483	1	3	4	4	3	4	4	4	4	4	4	4	4	4	4
484	1	4	4	4	4	4	4	4	4	4	4	4	4	4	4
485	1	3	4	4	4	4	4	4	4	4	4	4	4	4	4
486	1	4	4	4	4	4	4	4	4	4	4	4	4	4	4
487	1	3	4	4	4	4	4	4	4	4	4	4	4	4	4
488	1	4	4	4	4	4	4	4	4	4	4	4	4	4	4
489	1	4	4	4	4	4	4	4	4	4	4	4	4	4	4
490	1	4	4	4	4	4	4	4	4	3	4	4	4	4	4
491	1	4	4	4	4	4	4	4	4	3	4	4	4	4	4
492	1	4	4	4	4	4	4	4	4	3	4	4	4	4	4
493	1	4	4	4	4	4	4	4	4	3	4	4	4	4	4
494	1	4	4	4	4	4	4	4	4	3	4	4	4	4	4
495	1	4	4	4	4	4	4	4	4	3	4	4	4	4	4
496	1	4	4	4	4	4	4	4	4	3	4	4	4	4	4
497	1	4	4	4	4	4	4	4	4	3	4	4	4	4	4
498	1	4	4	4	4	4	4	4	4	3	4	4	4	4	4
499	1	4	4	4	4	4	4	4	4	3	4	4	4	4	4
500	1	4	4	4	4	4	4	4	4	3	4	4	4	4	4
501	1	4	4	4	4	4	4	4	4	3	4	4	4	4	4
502	1	4	4	4	4	4	4	4	4	4	4	4	4	4	4
503	1	4	4	4	4	4	4	4	4	4	4	4	4	4	4
504	1	4	4	4	4	4	4	4	4	4	4	4	4	4	4
505	1	3	4	4	4	4	4	4	4	4	4	4	4	4	4
506	1	3	4	4	4	4	4	4	4	4	4	4	4	4	4
507	1	4	4	4	4	4	4	4	4	4	4	4	4	4	4
508	1	4	4	4	4	4	4	4	4	4	4	4	4	4	4
509	1	3	4	4	4	4	4	4	4	4	4	4	4	4	4
510	1	4	4	4	4	4	4	4	4	4	4	4	4	4	4
511	1	4	4	4	4	4	4	4	4	4	4	4	4	4	4
512	1	4	4	4	4	4	4	4	4	4	4	4	4	4	4
513	1	3	4	4	4	4	4	4	4	4	4	4	4	4	4
514	1	3	4	4	4	4	4	4	4	4	4	4	4	4	4
515	1	4	4	4	4	4	4	4	4	4	4	4	4	4	4
516	1	4	4	4	4	4	4	4	4	4	4	4	4	4	4
517	1	4	4	4	4	4	4	4	4	4	4	4	4	4	4
518	1	4	4	4	4	4	4	4	4	4	4	4	4	4	4
519	1	4	4	4	4	4	4	4	4	4	4	4	4	4	4
520	1	4	4	4	4	4	4	4	4	4	4	4	4	4	4
521	1	4	4	4	4	4	4	4	4	4	4	4	4	4	4
522	1	4	4	4	4	4	4	4	4	4	4	4	4	4	4
523	1	4	4	4	4	4	4	4	4	4	4	4	4	4	4
524	1	4	4	4	4	4	4	4	4	4	4	4	4	4	4
525	1	4	4	4	4	4	4	4	4	4	4	4	4	4	4
526	1	4	4	4	4	4	4	4	4	4	4	4	4	4	4
527	1	4	4	4	4	4	4	4	4	4	4	4	4	4	4
528	1	4	4	4	4	4	4	4	4	4	4	4	4	4	4
529	1	4	4	4	4	4	4	4	4	4	4	4	4	4	4
530	1	4	4	4	4	4	4	4	4	4	4	4	4	4	4
531	1	4	4	4	4	4	4	4	4	4	4	4	4	4	4
532	1	4	4	4	4	4	4	4	4	4	4	4	4	4	4
533	1	4	3	4	4	4	4	4	2	4	4	4	2	4	4
534	1	4	3	4	4	4	4	4	2	4	4	4	2	4	4
535	1	4	3	4	4	4	4	4	2	4	4	4	2	4	4
536	3	4	4	4	4	4	4	4	2	4	4	4	2	4	4
537	1	4	4	4	4	4	4	4	2	4	4	4	2	4	4
538	1	4	4	4	4	4	4	4	2	4	4	4	2	4	4
539	1	4	4	4	4	4	4	4	2	4	4	4	2	4	4
540	1	4	4	4	4	4	4	4	2	4	4	4	2	4	4
541	1	4	4	4	4	4	4	4	2	4	4	4	2	4	4
542	1	4	4	4	4	4	4	4	2	4	4	4	2	4	4
543	1	4	4	4	4	4	4	4	2	4	4	4	2	4	4
544	1	4	3	4	4	4	4	4	2	4	4	4	2	4	4
545	1	4	4	4	4	4	4	4	2	4	4	4	2	4	4
546	3	4	3	4	4	4	4	4	2	4	4	4	2	4	4
547	1	4	4	4	4	4	4	4	2	4	4	4	2	4	4
548	1	4	4	4	4	4	4	4	2	4	4	4	2	4	4
549	1	4	3	4	4	4	4	4	2	4	4	4	2	4	4
550	1	4	4	4	4	4	4	4	2	4	4	4	2	4	4
551	1	4	4	4	4	4	4	4	2	4	4	4	2	4	4
552	1	4	4	4	4	4	4	4	2	4	4	4	2	4	4
553	1	4	3	4	4	4	4	4	4	4	4	4	3	4	4
554	1	4	3	4	4	4	4	4	4	4	4	4	3	4	4
555	1	4	3	4	4	4	4	4	4	4	4	4	3	4	4
556	1	1	3	4	4	4	4	4	4	4	4	4	3	4	4
557	1	4	3	4	4	4	4	4	4	4	4	4	3	4	4
558	1	4	3	4	4	4	4	4	4	4	4	4	3	4	4
559	3	4	3	4	4	4	4	4	4	4	4	4	3	4	4
560	1	4	3	4	4	4	4	4	4	4	4	4	3	4	4
561	3	4	3	4	4	4	4	4	4	4	4	4	3	4	4
562	1	3	4	4	3	4	4	4	4	4	4	3	4	4	4
563	1	3	4	4	3	4	4	4	4	4	4	3	4	4	4
564	1	3	4	4	3	4	4	4	4	4	4	3	4	4	4
565	1	3	4	4	3	4	4	4	4	4	4	3	4	4	4
566	1	3	4	4	3	4	4	4	4	4	4	3	4	4	4
567	1	3	4	4	3	4	4	4	4	4	4	3	4	4	4
568	1	3	4	4	3	4	4	4	4	4	4	3	4	4	4
569	1	3	4	4	3	4	4	4	4	4	4	3	4	4	4
570	1	3	4	4	3	4	4	4	4	4	4	3	4	4	4
571	1	3	4	4	3	4	4	4	4	4	4	3	4	4	4
572	1	3	4	4	3	4	4	4	4	4	4	3	4	4	4
573	1	3	4	4	3	4	4	4	4	4	4	3	4	4	4
574	1	1	4	4	3	4	4	4	4	4	4	3	4	4	4
575	1	3	4	4	3	4	4	4	4	4	4	3	4	4	4
576	1	3	4	4	3	4	4	4	4	4	4	3	4	4	4
577	1	4	4	3	4	4	4	4	4	4	4	4	2	4	4
578	1	4	4	3	4	4	4	4	4	4	4	4	2	4	4
579	1	4	4	4	4	4	4	4	4	4	4	4	2	4	4
580	1	4	4	4	4	4	4	4	4	4	4	4	2	4	4
581	1	4	3	3	4	4	4	4	4	4	4	4	2	4	4
582	1	4	4	3	4	4	4	4	4	4	4	4	2	4	4
583	1	4	4	3	4	4	4	4	4	4	4	4	2	4	4
584	1	4	3	3	4	4	4	4	4	4	4	4	2	4	4
585	1	4	4	3	4	4	4	4	4	4	4	4	2	4	4
586	1	4	4	4	4	4	4	4	4	4	4	4	2	4	4
587	1	4	4	3	4	4	4	4	4	4	4	4	2	4	4
588	1	4	4	4	4	4	4	4	4	4	4	4	2	4	4
589	1	4	4	3	4	4	4	4	4	4	4	4	2	4	4
590	1	4	3	3	4	4	4	4	4	4	4	4	2	4	4
591	1	4	4	4	4	4	4	4	4	4	4	4	2	4	4
592	1	4	4	1	4	4	4	4	4	4	4	4	2	4	4
593	1	4	3	3	4	4	4	4	4	4	4	4	2	4	4
594	1	4	3	3	4	4	4	4	4	4	4	4	2	4	4
595	1	4	4	4	4	4	4	4	4	4	4	4	4	4	4
596	1	4	4	4	4	4	4	4	4	4	4	4	4	4	4
597	1	4	4	4	4	4	4	4	4	4	4	4	4	4	4
598	1	4	4	4	4	4	4	4	4	4	4	4	4	4	4
599	1	4	4	4	4	4	4	4	4	4	4	4	4	4	4
600	1	4	4	4	4	4	4	4	4	4	4	4	4	4	4
601	1	4	4	4	4	4	4	4	4	4	4	4	4	4	4
602	1	4	4	4	4	4	4	4	4	4	4	4	4	4	4
603	1	4	4	4	4	4	4	4	4	4	4	4	4	4	4
604	1	4	4	4	4	4	4	4	4	4	4	4	4	4	4
605	1	4	4	4	4	4	4	4	4	4	4	4	4	4	4
606	1	4	4	4	4	4	4	4	4	4	4	4	4	4	4
607	1	4	4	4	4	4	4	4	4	4	4	4	4	4	4
608	1	4	4	4	4	4	4	4	4	4	4	4	4	4	4
609	1	4	4	4	4	4	4	4	4	4	4	4	4	4	4
610	1	3	4	4	4	4	4	4	4	4	4	4	4	4	4
611	1	3	4	4	4	4	4	4	4	4	4	4	4	4	4
612	1	3	4	4	4	4	4	4	4	4	4	4	4	4	4
613	1	3	4	4	4	4	4	4	4	4	4	4	4	4	4
614	1	3	4	4	4	4	4	4	4	4	4	4	4	4	4
615	1	3	4	4	4	4	4	4	4	4	4	4	4	4	4
616	1	3	4	4	4	4	4	4	4	4	4	4	4	4	4
617	1	3	4	4	4	4	4	4	4	4	4	4	4	4	4
618	1	3	4	4	4	4	4	4	4	4	4	4	4	4	4
619	1	3	4	4	4	4	4	4	4	4	4	4	4	4	4
620	1	3	4	4	4	4	4	4	4	4	4	4	4	4	4
621	1	3	4	4	4	4	4	4	4	4	4	4	4	4	4
622	1	3	4	4	4	4	4	4	4	4	4	4	4	4	4
623	1	3	4	4	4	4	4	4	4	4	4	4	4	4	4
624	1	3	4	4	4	4	4	4	4	4	4	4	4	4	4
625	1	3	4	4	4	4	4	4	4	4	4	4	4	4	4
626	1	3	4	4	4	4	4	4	4	4	4	4	4	4	4
627	1	3	4	4	4	4	4	4	4	4	4	4	4	4	4
628	1	3	4	4	4	4	4	4	4	4	4	4	4	4	4
629	1	3	4	4	4	4	4	4	4	4	4	4	4	4	4
630	1	3	4	4	4	4	4	4	4	4	4	4	4	4	4
631	1	3	4	4	4	4	4	4	4	4	4	4	4	4	4
632	1	3	4	4	4	4	4	4	4	4	4	4	4	4	4
633	1	3	4	4	4	4	4	4	4	4	4	4	4	4	4
634	1	3	4	4	4	4	4	4	4	4	4	4	4	4	4
635	1	3	4	4	4	4	4	4	4	4	4	4	4	4	4
636	1	3	4	4	4	4	4	4	4	4	4	4	4	4	4
637	1	3	4	4	4	4	4	4	4	4	4	4	4	4	4
638	1	3	4	4	4	4	4	4	4	4	4	4	4	4	4
639	1	4	4	4	4	4	4	4	4	4	4	4	4	4	4
640	1	4	4	4	4	4	4	4	4	4	4	4	4	4	4
641	1	4	4	4	4	4	4	4	4	4	4	4	4	4	4
642	1	4	4	4	4	4	4	4	4	4	4	4	4	4	4
643	1	4	4	4	4	4	4	4	4	4	4	4	4	4	4
644	1	4	4	4	4	4	4	4	4	4	4	4	4	4	4
645	1	4	4	4	4	4	4	4	4	4	4	4	4	4	4
646	1	4	4	4	4	4	4	4	4	4	4	4	4	4	4
647	1	4	4	4	4	4	4	4	4	4	4	4	4	4	4
648	1	4	4	4	4	4	4	4	4	4	4	4	4	4	4
649	1	4	4	4	4	4	4	4	4	4	4	4	4	4	4
650	1	4	4	4	4	4	4	4	4	4	4	4	4	4	4
651	1	4	4	4	4	4	4	4	4	4	4	4	4	4	4
652	1	4	4	4	4	4	4	4	4	4	4	4	4	4	4
653	1	4	4	4	4	4	4	4	4	4	4	4	4	4	4
654	1	4	4	4	4	4	4	4	4	4	4	4	4	4	4
655	1	4	4	4	4	4	4	4	4	4	4	4	4	4	4
656	1	4	4	3	4	4	4	4	4	4	4	3	4	4	4
657	1	4	4	3	4	4	4	4	4	4	4	3	4	4	4
658	1	4	4	3	4	4	4	4	4	4	4	3	4	4	4
659	1	4	4	3	4	4	4	4	4	4	4	3	4	4	4
660	1	4	4	3	4	4	4	4	4	4	4	3	4	4	4
661	1	4	4	3	4	4	4	4	4	4	4	3	4	4	4
662	1	4	4	3	4	4	4	4	4	4	4	1	4	4	4
663	1	4	4	3	4	4	4	4	4	4	4	3	4	4	4
664	1	4	4	3	4	4	4	4	4	4	4	1	4	4	4
665	1	4	4	3	4	4	4	4	4	4	4	3	4	4	4
666	1	4	4	3	4	4	4	4	4	4	4	3	4	4	4
667	1	4	4	4	4	4	4	4	3	4	4	4	4	4	4
668	1	4	4	4	4	4	4	4	3	4	4	4	4	4	4
669	1	4	4	4	4	4	4	4	3	4	4	4	4	4	4
670	1	4	4	4	4	4	4	4	3	4	4	4	4	4	4
671	1	4	4	4	4	4	4	4	3	4	4	4	4	4	4
672	1	4	4	4	4	4	4	4	3	4	4	4	4	4	4
673	1	4	4	4	4	4	4	4	3	4	4	4	4	4	4
674	1	4	4	4	4	4	4	4	3	4	4	4	4	4	4
675	1	4	4	4	4	4	4	4	3	4	4	4	4	4	4
676	1	4	4	4	4	4	4	4	3	4	4	4	4	4	4
677	1	4	4	4	4	4	4	4	3	4	4	4	4	4	4
678	1	4	4	4	4	4	4	4	1	4	4	4	4	4	4
679	1	4	4	4	4	4	4	4	3	4	4	4	4	4	4
680	1	4	4	4	4	4	4	4	3	4	4	4	4	4	4
681	1	4	4	4	4	4	4	4	3	4	4	4	4	4	4
682	1	4	4	4	4	4	4	4	3	4	4	4	4	4	4
683	1	3	4	4	4	4	4	3	4	4	4	4	4	4	4
684	1	3	4	4	4	4	4	3	4	4	4	4	4	4	4
685	1	3	4	4	4	4	4	3	4	4	4	4	4	4	4
686	1	3	4	4	4	4	4	3	4	4	4	4	4	4	4
687	1	3	4	4	4	4	4	3	4	4	4	4	4	4	4
688	1	3	4	4	4	4	4	3	4	4	4	4	4	4	4
689	1	3	4	4	4	4	4	3	4	4	4	4	4	4	4
690	1	3	4	4	4	4	4	3	4	4	4	4	4	4	4
691	1	3	4	4	4	4	4	3	4	4	4	4	4	4	4
692	1	3	4	4	4	4	4	3	4	4	4	4	4	4	4
693	1	3	4	4	4	4	4	3	4	4	4	4	4	4	4
694	1	3	4	4	4	4	4	3	4	4	4	4	4	4	4
695	1	3	4	4	4	4	4	3	4	4	4	4	4	4	4
696	1	3	4	4	4	4	4	3	4	4	4	4	4	4	4
697	1	3	4	4	4	4	4	3	4	4	4	4	4	4	4
698	1	3	4	4	4	4	4	3	4	4	4	4	4	4	4
699	1	3	4	4	4	4	4	3	4	4	4	4	4	4	4
700	1	4	2	2	2	2	2	2	2	2	2	2	2	2	4
701	1	4	2	2	2	2	2	2	2	2	2	2	2	2	4
702	1	4	2	2	2	2	2	2	2	2	2	2	2	2	4
703	1	4	2	2	2	2	2	2	2	2	2	2	2	2	4
704	1	4	2	2	2	2	2	2	2	2	2	2	2	2	4
705	1	4	2	2	2	2	2	2	2	2	2	2	2	2	4
706	1	4	2	2	2	2	2	2	2	2	2	2	2	2	4
707	1	4	2	2	2	2	2	2	2	2	2	2	2	2	4
708	1	4	2	2	2	2	2	2	2	2	2	2	2	2	4
709	1	4	2	2	2	2	2	2	2	2	2	2	2	2	4
710	3	4	2	2	2	2	2	2	2	2	2	2	2	2	4
711	1	4	2	2	2	2	2	2	2	2	2	2	2	2	4
712	1	4	2	2	2	2	2	2	2	2	2	2	2	2	4
713	1	4	2	2	2	2	2	2	2	2	2	2	2	2	4
714	1	4	2	2	2	2	2	2	2	2	2	2	2	2	4
715	3	4	2	2	2	2	2	2	2	2	2	2	2	2	4
716	1	4	2	2	2	2	2	2	2	2	2	2	2	2	4
717	1	4	2	2	2	2	2	2	2	2	2	2	2	2	4
718	1	4	2	2	2	2	2	2	2	2	2	2	2	2	4
719	1	4	2	2	2	2	2	2	2	2	2	2	2	2	4
720	1	4	2	2	2	2	2	2	2	2	2	2	2	2	4
721	1	4	2	2	2	2	2	2	2	2	2	2	2	2	4
722	1	4	2	2	2	2	2	2	2	2	2	2	2	2	4
723	1	4	4	4	3	3	4	4	4	3	4	4	4	4	4
724	1	4	4	4	3	3	4	4	4	3	4	4	4	4	4
725	1	4	4	4	3	3	4	4	4	3	4	4	4	4	4
726	1	3	4	4	3	3	4	4	4	3	4	4	4	4	4
727	1	3	4	4	3	3	4	4	4	3	4	4	4	4	4
728	1	4	4	4	3	3	4	4	4	3	4	4	4	4	4
729	1	3	4	4	3	3	4	4	4	3	4	4	4	4	4
730	1	3	4	4	3	3	4	4	4	3	4	4	4	4	4
731	1	4	4	4	3	3	4	4	4	3	4	4	4	4	4
732	1	4	4	4	3	3	4	4	4	3	4	4	4	4	4
733	1	3	4	4	3	3	4	4	4	3	4	4	4	4	4
734	1	3	4	4	3	3	4	4	4	3	4	4	4	4	4
735	1	4	4	4	3	3	4	4	4	3	4	4	4	4	4
736	1	3	4	4	3	3	4	4	4	3	4	4	4	4	4
737	1	3	4	4	3	3	4	4	4	3	4	4	4	4	4
738	1	3	3	4	4	4	3	4	4	4	4	4	4	4	4
739	1	4	3	4	4	4	3	4	4	4	4	4	4	4	4
740	1	3	3	4	4	4	3	4	4	4	4	4	4	4	4
741	1	4	3	4	4	4	3	4	4	4	4	4	4	4	4
742	1	3	3	4	4	4	3	4	4	4	4	4	4	4	4
743	1	4	3	4	4	4	3	4	4	4	4	4	4	4	4
744	1	3	3	4	4	4	3	4	4	4	4	4	4	4	4
745	1	4	3	4	4	4	3	4	4	4	4	4	4	4	4
746	1	3	3	4	4	4	3	4	4	4	4	4	4	4	4
747	1	4	3	4	4	4	3	4	4	4	4	4	4	4	4
748	1	4	3	4	4	4	3	4	4	4	4	4	4	4	4
749	1	3	3	4	4	4	3	4	4	4	4	4	4	4	4
750	1	4	3	4	4	4	3	4	4	4	4	4	4	4	4
751	1	3	3	4	4	4	3	4	4	4	4	4	4	4	4
752	1	3	3	4	4	4	3	4	4	4	4	4	4	4	4
753	1	4	4	4	4	4	4	4	4	4	4	4	4	4	4
754	1	4	4	4	4	4	4	4	4	4	4	4	4	4	4
755	1	4	4	4	4	4	4	4	4	4	4	4	4	4	4
756	1	4	4	4	4	4	4	4	4	4	4	4	4	4	4
757	1	1	3	3	4	4	4	4	4	4	4	4	4	4	4
758	1	4	4	4	4	4	4	4	4	4	4	4	4	4	4
759	1	1	3	3	4	4	4	4	4	4	4	4	4	4	4
760	1	4	4	4	4	4	4	4	4	4	4	4	4	4	4
761	1	4	4	4	4	4	4	4	4	4	4	4	4	4	4
762	1	4	4	4	4	4	4	4	4	4	4	4	4	4	4
763	1	4	4	4	4	4	4	4	4	4	4	4	4	4	4
764	1	4	4	4	4	4	4	4	4	4	4	4	4	4	4
765	1	4	4	4	4	4	4	4	4	4	4	4	4	4	4
766	1	4	4	4	4	4	4	4	4	4	4	4	4	4	4
767	1	4	4	4	4	4	4	4	4	4	4	4	4	4	4
768	1	4	4	4	4	4	4	4	4	4	4	4	4	4	4
769	1	4	4	4	4	4	4	4	4	4	4	4	4	4	4
770	1	4	4	4	4	4	4	4	4	4	4	4	4	4	4
771	1	4	4	4	4	4	4	4	4	4	4	4	4	4	4
772	1	4	4	4	4	4	4	4	4	4	4	4	4	4	4
773	1	4	4	4	4	4	4	4	4	4	4	4	4	4	4
774	1	4	4	4	4	4	4	4	4	4	4	4	4	4	4
775	1	4	4	4	4	4	4	4	4	4	4	4	4	4	4
776	1	1	4	4	4	4	4	4	4	4	4	4	4	4	4
777	1	4	4	4	4	4	4	4	4	4	4	4	4	4	4
778	1	4	4	4	4	4	4	4	4	4	4	4	4	4	4
779	1	4	4	4	4	4	4	4	3	4	4	3	4	4	4
780	1	4	4	4	4	4	4	4	3	4	4	3	4	4	4
781	1	4	4	4	4	4	4	4	3	4	4	3	4	4	4
782	1	4	4	4	4	4	4	4	3	4	4	3	4	4	4
783	1	4	4	4	4	4	4	4	3	4	4	3	4	4	4
784	1	4	4	4	4	4	4	4	3	4	4	3	4	4	4
785	1	4	4	4	4	4	4	4	3	4	4	3	4	4	4
786	1	4	4	4	4	4	4	4	3	4	4	3	4	4	4
787	1	4	4	4	4	4	4	4	1	4	4	3	4	4	4
788	1	4	4	4	4	4	4	4	3	4	4	4	4	4	4
789	1	3	3	4	4	4	4	4	3	4	4	4	4	4	4
790	1	3	3	4	4	4	4	4	3	4	4	4	4	4	4
791	1	3	3	4	4	4	4	4	3	4	4	4	4	4	4
792	1	4	4	4	4	4	4	4	3	4	4	4	4	4	4
793	1	3	3	4	4	4	4	4	3	4	4	4	4	4	4
794	1	4	4	4	4	4	4	4	3	4	4	4	4	4	4
795	1	3	3	4	4	4	4	4	3	4	4	4	4	4	4
796	1	4	4	4	4	4	4	4	3	4	4	4	4	4	4
797	1	4	4	4	4	4	4	4	3	4	4	4	4	4	4
798	1	3	3	4	4	4	4	4	3	4	4	4	4	4	4
799	1	4	4	4	4	4	4	4	3	4	4	4	4	4	4
800	1	4	4	4	4	4	4	4	3	4	4	4	4	4	4
