# MolID	Frame0	Frame1	Frame2	Frame3	Frame4	Frame5	Frame6	Frame7	Frame8	Frame9	Frame10	Frame11	Frame12	Frame13	Frame14
1	1	4	4	4	4	4	4	4	4	4	4	4	4	3	3
2	1	4	4	4	4	4	4	4	4	4	4	4	4	3	3
3	1	4	4	4	4	4	4	4	4	4	4	4	4	3	3
4	1	4	4	4	4	4	4	4	4	4	4	4	4	3	3
5	1	4	4	4	4	4	4	4	4	4	4	4	4	3	3
6	1	4	4	4	4	4	4	4	4	4	4	4	4	3	3
7	1	4	4	4	4	4	4	4	4	4	4	4	4	3	3
8	1	4	4	4	4	4	4	4	4	4	4	4	4	3	3
9	1	4	4	4	4	4	4	4	4	4	4	4	4	3	3
10	1	3	4	4	4	4	4	4	4	4	4	4	4	3	3
11	1	4	4	4	4	4	4	4	4	4	4	4	4	3	3
12	1	3	3	3	4	3	3	3	3	3	1	4	4	3	3
13	1	4	4	4	4	4	4	4	4	4	4	4	4	3	3
14	1	3	4	4	4	4	4	4	4	4	4	4	4	3	3
15	1	4	4	4	4	4	4	4	4	4	4	4	4	4	3
16	1	4	4	4	4	4	4	4	4	4	4	4	4	4	3
17	1	4	4	4	4	4	4	4	4	4	4	4	4	4	3
18	1	4	4	4	4	4	4	4	4	4	4	4	4	4	3
19	1	4	4	4	4	4	4	4	4	4	4	4	4	4	3
20	1	4	4	4	4	4	4	4	4	4	4	4	4	4	3
21	1	4	4	4	4	4	4	4	4	4	4	4	4	4	3
22	1	4	4	4	4	4	4	4	4	4	4	4	4	4	3
23	1	4	4	4	4	4	4	4	4	4	4	4	4	4	3
24	1	4	4	4	4	4	4	4	4	4	4	4	4	3	3
25	1	4	4	4	4	4	4	4	4	4	4	4	4	3	3
26	1	4	4	4	4	4	4	4	4	4	4	4	4	3	3
27	1	4	4	4	4	4	4	4	4	4	4	4	4	3	3
28	1	3	3	1	4	3	3	3	3	3	3	4	4	3	3
29	1	3	4	4	4	4	4	4	4	4	4	4	4	3	3
30	1	3	4	4	4	4	4	4	4	4	4	4	4	3	3
31	1	3	3	3	4	3	3	3	3	3	3	4	4	3	3
32	1	3	4	4	4	4	4	4	4	4	4	4	4	3	3
33	1	4	4	4	4	4	4	4	4	4	4	4	4	3	3
34	1	4	4	4	4	4	4	4	4	4	4	4	4	3	3
35	1	4	4	4	4	4	4	4	4	4	4	4	4	3	3
36	1	1	4	4	4	4	4	4	4	4	4	4	4	3	3
37	1	4	4	4	4	4	4	4	4	4	4	4	4	3	3
38	1	4	4	4	4	4	4	4	4	4	4	4	4	3	3
39	1	3	4	4	4	4	4	4	4	4	4	4	4	3	3
40	1	4	4	4	4	4	4	4	4	4	4	4	4	3	3
41	1	4	4	4	4	4	4	4	4	4	4	4	4	4	3
42	1	4	4	4	4	4	4	4	4	4	4	4	4	4	3
43	1	4	4	4	4	4	4	4	4	4	4	4	4	4	3
44	1	4	4	4	4	4	4	4	4	4	4	4	4	4	3
45	1	4	4	4	4	4	4	4	4	4	4	4	4	4	3
46	1	4	4	4	4	4	4	4	4	4	4	4	4	4	3
47	1	4	4	4	4	4	4	4	4	4	4	4	4	4	3
48	1	4	4	4	4	4	4	4	4	4	4	4	4	4	3
49	1	4	4	4	4	4	4	4	4	4	3	4	3	4	3
50	1	4	4	4	4	4	4	4	4	4	3	4	3	4	3
51	1	4	4	4	4	4	4	4	4	4	3	4	3	4	3
52	1	4	4	4	4	4	4	4	4	4	3	4	3	4	3
53	3	4	4	4	4	4	4	4	4	4	3	4	3	4	3
54	1	4	4	4	4	4	4	4	4	4	4	4	4	4	3
55	1	4	4	4	4	4	4	4	4	4	4	4	4	4	3
56	1	4	4	4	4	4	4	4	4	4	4	4	4	4	3
57	1	4	4	4	4	4	4	4	4	4	4	4	4	4	3
58	1	4	4	4	4	4	4	4	4	4	4	4	4	4	3
59	1	4	4	4	4	4	4	4	4	4	4	4	4	4	3
60	1	4	4	4	4	4	4	4	4	4	4	4	4	4	3
61	1	4	4	4	4	4	4	4	4	4	4	4	4	4	3
62	1	4	4	4	4	4	4	4	4	4	4	4	4	4	3
63	1	4	4	4	4	4	4	4	4	4	4	4	4	4	3
64	1	4	4	4	4	4	4	4	4	4	4	4	4	4	3
65	1	4	4	4	4	4	4	4	4	4	4	4	4	4	3
66	1	4	4	4	4	4	4	4	4	4	4	4	4	4	3
67	1	4	4	4	4	4	4	4	4	4	3	4	3	4	3
68	3	4	4	4	4	4	4	4	4	4	3	4	3	4	3
69	3	4	4	4	4	4	4	4	4	4	3	4	3	4	3
70	1	4	4	4	4	4	4	4	4	4	3	4	3	4	3
71	1	4	4	4	4	4	4	4	4	4	3	4	3	4	3
72	1	3	4	4	4	4	4	4	4	4	4	4	4	4	3
73	1	3	4	4	4	4	4	4	4	4	4	4	4	4	3
74	1	3	4	4	4	4	4	4	4	4	4	4	4	4	3
75	1	3	4	4	4	4	4	4	4	4	4	4	4	4	3
76	1	3	4	4	4	4	4	4	4	4	4	4	4	4	3
77	1	3	4	4	4	4	4	4	4	4	4	4	4	4	3
78	1	3	4	4	4	4	4	4	4	4	4	4	4	4	3
79	1	3	4	4	4	4	4	4	4	4	4	4	4	4	3
80	1	3	4	4	4	4	4	4	4	4	4	4	4	4	3
81	1	3	4	4	4	4	4	4	4	4	4	4	4	4	3
82	1	3	4	4	4	4	4	4	4	4	4	4	4	4	3
83	1	3	4	4	4	4	4	4	4	4	4	4	4	4	3
84	1	3	4	4	4	4	4	4	4	4	4	4	4	4	3
85	1	3	3	4	3	2	2	4	4	4	2	4	4	4	2
86	1	4	4	4	4	2	2	4	4	4	2	4	4	4	2
87	1	4	4	4	4	2	2	4	4	4	2	4	4	4	2
88	1	4	4	4	4	2	2	4	4	4	2	4	4	4	2
89	1	3	3	4	3	2	2	4	4	4	2	4	4	4	2
90	1	3	3	4	3	2	2	4	4	4	2	4	4	4	2
91	1	4	4	4	4	2	2	4	4	4	2	4	4	4	2
92	1	4	4	4	4	2	2	4	4	4	2	4	4	4	2
93	1	4	4	4	4	2	2	4	4	4	2	4	4	4	2
94	1	3	4	4	3	2	2	4	4	4	2	4	4	4	2
95	1	1	3	4	3	2	2	4	4	4	2	4	4	4	2
96	1	4	4	4	4	2	2	4	4	4	2	4	4	4	2
97	1	4	4	4	4	2	2	4	4	4	2	4	4	4	2
98	1	3	4	4	3	2	2	4	4	4	2	4	4	4	2
99	1	3	4	4	3	2	2	4	4	4	2	4	4	4	2
100	1	3	3	4	3	2	2	4	4	4	2	4	4	4	2
101	1	3	4	4	3	2	2	4	4	4	2	4	4	4	2
102	1	4	4	4	4	2	2	4	4	4	2	4	4	4	2
103	1	3	4	2	2	4	2	2	2	2	2	4	2	2	2
104	1	3	4	2	2	4	2	2	2	2	2	4	2	2	2
105	1	3	4	2	2	4	2	2	2	2	2	4	2	2	2
106	1	3	4	2	2	4	2	2	2	2	2	4	2	2	2
107	1	3	4	2	2	4	2	2	2	2	2	4	2	2	2
108	1	4	4	2	2	4	2	2	2	2	2	4	2	2	2
109	1	3	4	2	2	4	2	2	2	2	2	4	2	2	2
110	1	3	4	2	2	4	2	2	2	2	2	4	2	2	2
111	1	3	4	2	2	4	2	2	2	2	2	4	2	2	2
112	1	4	4	2	2	4	2	2	2	2	2	4	2	2	2
113	1	3	4	2	2	4	2	2	2	2	2	4	2	2	2
114	1	3	4	2	2	4	2	2	2	2	2	4	2	2	2
115	1	3	4	2	2	4	2	2	2	2	2	4	2	2	2
116	1	3	4	2	2	4	2	2	2	2	2	4	2	2	2
117	1	4	4	2	2	4	2	2	2	2	2	4	2	2	2
118	1	4	4	2	2	4	2	2	2	2	2	4	2	2	2
119	1	3	4	2	2	4	2	2	2	2	2	4	2	2	2
120	1	3	4	2	2	4	2	2	2	2	2	4	2	2	2
121	1	4	4	2	2	4	2	2	2	2	2	4	2	2	2
122	1	3	4	2	2	4	2	2	2	2	2	4	2	2	2
123	1	4	4	2	2	2	2	2	2	4	4	2	2	2	2
124	1	4	4	2	2	2	2	2	2	4	4	2	2	2	2
125	1	4	4	2	2	2	2	2	2	4	4	2	2	2	2
126	1	4	4	2	2	2	2	2	2	4	4	2	2	2	2
127	1	4	4	2	2	2	2	2	2	4	4	2	2	2	2
128	1	4	4	2	2	2	2	2	2	4	4	2	2	2	2
129	1	4	4	2	2	2	2	2	2	4	4	2	2	2	2
130	1	4	4	2	2	2	2	2	2	4	4	2	2	2	2
131	1	4	4	2	2	2	2	2	2	4	4	2	2	2	2
132	1	4	4	2	2	2	2	2	2	4	4	2	2	2	2
133	1	4	4	2	2	2	2	2	2	4	4	2	2	2	2
134	1	4	4	2	2	2	2	2	2	4	4	2	2	2	2
135	1	4	4	2	2	2	2	2	2	4	4	2	2	2	2
136	3	4	4	2	2	2	2	2	2	4	4	2	2	2	2
137	1	4	4	2	2	2	2	2	2	4	4	2	2	2	2
138	3	4	4	2	2	2	2	2	2	4	4	2	2	2	2
139	1	4	4	2	2	2	2	2	2	4	4	2	2	2	2
140	1	4	4	2	2	2	2	2	2	4	4	2	2	2	2
141	1	4	4	2	2	2	2	2	2	4	4	2	2	2	2
142	1	4	4	4	4	4	3	2	2	2	2	2	2	2	2
143	1	4	4	4	4	4	3	2	2	2	2	2	2	2	2
144	1	3	3	4	4	4	3	2	2	2	2	2	2	2	2
145	1	4	4	4	4	4	3	2	2	2	2	2	2	2	2
146	1	4	4	4	4	4	3	2	2	2	2	2	2	2	2
147	1	3	3	4	4	4	3	2	2	2	2	2	2	2	2
148	1	1	1	4	4	4	3	2	2	2	2	2	2	2	2
149	1	4	4	4	4	4	3	2	2	2	2	2	2	2	2
150	1	3	3	4	4	4	3	2	2	2	2	2	2	2	2
151	1	4	4	4	4	4	3	2	2	2	2	2	2	2	2
152	1	3	3	4	4	4	3	2	2	2	2	2	2	2	2
153	1	4	4	4	4	4	3	2	2	2	2	2	2	2	2
154	1	4	4	4	4	4	3	2	2	2	2	2	2	2	2
155	1	3	3	4	4	4	3	2	2	2	2	2	2	2	2
156	1	4	4	4	4	4	3	2	2	2	2	2	2	2	2
157	1	3	3	4	4	4	3	2	2	2	2	2	2	2	2
158	1	4	4	4	4	4	3	2	2	2	2	2	2	2	2
159	1	4	4	4	4	4	3	2	2	2	2	2	2	2	2
160	1	4	4	4	4	4	3	2	2	2	2	2	2	2	2
161	1	4	4	4	4	4	3	2	2	2	2	2	2	2	2
162	1	4	4	4	4	4	3	2	2	2	2	2	2	2	2
163	1	3	3	4	4	4	3	2	2	2	2	2	2	2	2
164	1	4	4	4	4	4	3	2	2	2	2	2	2	2	2
165	1	4	4	4	4	4	3	2	2	2	2	2	2	2	2
166	1	4	4	4	4	4	2	4	4	4	2	4	4	4	2
167	1	4	4	4	4	4	2	4	4	4	2	4	4	4	2
168	1	4	4	4	4	4	2	4	4	4	2	4	4	4	2
169	1	4	4	4	4	4	2	4	4	4	2	4	4	4	2
170	1	4	4	4	4	4	2	4	4	4	2	4	4	4	2
171	1	4	4	4	4	4	2	4	4	4	2	4	4	4	2
172	1	4	4	4	4	4	2	4	4	4	2	4	4	4	2
173	1	4	4	4	4	4	2	4	4	4	2	4	4	4	2
174	1	4	4	4	4	4	2	4	4	4	2	4	4	4	2
175	1	4	4	4	4	4	2	4	4	4	2	4	4	4	2
176	1	4	4	4	4	4	2	4	4	4	2	4	4	4	2
177	1	4	4	4	4	4	2	4	4	4	2	4	4	4	2
178	1	4	4	4	4	4	2	4	4	4	2	4	4	4	2
179	1	4	4	4	4	4	2	4	4	4	2	4	4	4	2
180	1	4	4	4	4	4	2	4	4	4	2	4	4	4	2
181	1	4	4	4	4	4	2	4	4	4	2	4	4	4	2
182	1	4	4	4	4	4	2	4	4	4	2	4	4	4	2
183	1	4	4	4	4	4	2	4	4	4	2	4	4	4	2
184	1	3	2	2	2	2	2	2	2	4	2	2	2	2	2
185	1	3	2	2	2	2	2	2	2	4	2	2	2	2	2
186	1	3	2	2	2	2	2	2	2	4	2	2	2	2	2
187	1	3	2	2	2	2	2	2	2	4	2	2	2	2	2
188	1	3	2	2	2	2	2	2	2	4	2	2	2	2	2
189	1	3	2	2	2	2	2	2	2	4	2	2	2	2	2
190	1	3	2	2	2	2	2	2	2	4	2	2	2	2	2
191	1	3	2	2	2	2	2	2	2	4	2	2	2	2	2
192	1	3	2	2	2	2	2	2	2	4	2	2	2	2	2
193	1	3	2	2	2	2	2	2	2	4	2	2	2	2	2
194	1	3	2	2	2	2	2	2	2	4	2	2	2	2	2
195	1	3	2	2	2	2	2	2	2	4	2	2	2	2	2
196	1	3	2	2	2	2	2	2	2	4	2	2	2	2	2
197	1	3	2	2	2	2	2	2	2	4	2	2	2	2	2
198	1	3	2	2	2	2	2	2	2	4	2	2	2	2	2
199	1	3	2	2	2	2	2	2	2	4	2	2	2	2	2
200	1	3	2	2	2	2	2	2	2	4	2	2	2	2	2
201	1	3	2	2	2	2	2	2	2	4	2	2	2	2	2
202	1	3	2	2	2	2	2	2	2	4	2	2	2	2	2
203	1	3	2	2	2	2	2	2	2	4	2	2	2	2	2
204	1	3	2	2	2	2	2	2	2	4	2	2	2	2	2
205	1	4	4	4	2	2	2	2	2	2	2	2	2	2	2
206	1	4	4	4	2	2	2	2	2	2	2	2	2	2	2
207	1	4	4	4	2	2	2	2	2	2	2	2	2	2	2
208	1	4	4	4	2	2	2	2	2	2	2	2	2	2	2
209	1	4	4	4	2	2	2	2	2	2	2	2	2	2	2
210	1	4	4	4	2	2	2	2	2	2	2	2	2	2	2
211	1	4	4	4	2	2	2	2	2	2	2	2	2	2	2
212	4	4	4	4	2	2	2	2	2	2	2	2	2	2	2
213	1	4	4	4	2	2	2	2	2	2	2	2	2	2	2
214	1	4	4	4	2	2	2	2	2	2	2	2	2	2	2
215	1	4	4	4	2	2	2	2	2	2	2	2	2	2	2
216	1	4	4	4	2	2	2	2	2	2	2	2	2	2	2
217	1	4	4	4	2	2	2	2	2	2	2	2	2	2	2
218	4	4	4	4	2	2	2	2	2	2	2	2	2	2	2
219	1	4	4	4	2	2	2	2	2	2	2	2	2	2	2
220	1	4	4	4	2	2	2	2	2	2	2	2	2	2	2
221	1	4	4	4	2	2	2	2	2	2	2	2	2	2	2
222	1	4	4	4	2	2	2	2	2	2	2	2	2	2	2
223	4	4	4	4	2	2	2	2	2	2	2	2	2	2	2
224	1	4	4	4	2	2	2	2	2	2	2	2	2	2	2
225	1	4	4	4	2	2	2	2	2	2	2	2	2	2	2
226	1	4	4	4	2	2	2	2	2	2	2	2	2	2	2
227	1	4	4	4	2	2	2	2	2	2	2	2	2	2	2
228	4	4	4	4	2	2	2	2	2	2	2	2	2	2	2
229	1	4	4	4	2	2	2	2	2	2	2	2	2	2	2
230	1	4	4	4	2	2	2	2	2	2	2	2	2	2	2
231	1	4	4	4	2	2	2	2	2	2	2	2	2	2	2
232	1	4	4	4	2	2	2	2	2	2	2	2	2	2	2
233	1	4	4	4	2	2	2	2	2	2	2	2	2	2	2
234	1	4	4	4	2	2	2	2	2	2	2	2	2	2	2
235	1	4	4	4	2	2	2	2	2	2	2	2	2	2	2
236	1	4	4	4	2	2	2	2	2	2	2	2	2	2	2
237	1	4	4	4	2	2	2	2	2	2	2	2	2	2	2
238	1	4	4	4	2	2	2	2	2	2	2	2	2	2	2
239	1	4	4	4	2	2	2	2	2	2	2	2	2	2	2
240	1	4	4	4	2	2	2	2	2	2	2	2	2	2	2
241	1	4	4	4	2	2	2	2	2	2	2	2	2	2	2
242	1	4	4	4	2	2	2	2	2	2	2	2	2	2	2
243	1	4	4	4	2	2	2	2	2	2	2	2	2	2	2
244	1	4	4	4	2	2	2	2	2	2	2	2	2	2	2
245	1	4	4	4	2	2	2	2	2	2	2	2	2	2	2
246	1	4	4	4	2	2	2	2	2	2	2	2	2	2	2
247	1	4	4	4	2	2	2	2	2	2	2	2	2	2	2
248	1	4	4	4	2	2	2	2	2	2	2	2	2	2	2
249	1	4	4	4	2	2	2	2	2	2	2	2	2	2	2
250	1	4	4	4	2	2	2	2	2	2	2	2	2	2	2
251	1	4	4	4	2	2	2	2	2	2	2	2	2	2	2
252	1	4	4	4	2	2	2	2	2	2	2	2	2	2	2
253	1	3	4	4	4	4	4	4	4	2	4	2	4	2	2
254	1	3	4	4	4	4	4	4	4	2	4	2	4	2	2
255	1	4	3	3	4	4	4	4	4	2	4	2	4	2	2
256	1	3	4	4	4	4	4	4	4	2	4	2	4	2	2
257	1	3	4	4	4	4	4	4	4	2	4	2	4	2	2
258	1	4	3	3	4	4	4	4	4	2	4	2	4	2	2
259	1	4	4	4	4	4	4	4	4	2	4	2	4	2	2
260	1	4	3	3	4	4	4	4	4	2	4	2	4	2	2
261	1	4	3	3	4	4	4	4	4	2	4	2	4	2	2
262	1	3	4	4	4	4	4	4	4	2	4	2	4	2	2
263	1	3	4	4	4	4	4	4	4	2	4	2	4	2	2
264	1	4	3	3	4	4	4	4	4	2	4	2	4	2	2
265	1	4	3	3	4	4	4	4	4	2	4	2	4	2	2
266	1	3	4	4	4	4	4	4	4	2	4	2	4	2	2
267	1	3	4	4	4	4	4	4	4	2	4	2	4	2	2
268	1	3	4	4	4	4	4	4	4	2	4	2	4	2	2
269	1	4	4	4	4	4	4	4	4	2	4	2	4	2	2
270	1	4	4	4	4	4	4	4	4	2	4	2	4	2	2
271	1	3	4	4	4	4	4	4	4	2	4	2	4	2	2
272	1	4	3	3	4	4	4	4	4	2	4	2	4	2	2
273	1	4	4	4	4	4	4	4	4	4	2	2	2	2	2
274	1	4	4	4	4	4	4	4	4	4	2	2	2	2	2
275	1	4	4	3	4	3	4	4	3	4	2	2	2	2	2
276	1	4	4	3	4	3	4	4	3	4	2	2	2	2	2
277	1	4	4	4	4	4	4	4	4	4	2	2	2	2	2
278	1	4	4	4	4	4	4	4	4	4	2	2	2	2	2
279	1	4	4	4	4	4	4	4	4	4	2	2	2	2	2
280	1	4	4	3	4	3	4	4	3	4	2	2	2	2	2
281	1	4	4	3	4	3	4	4	3	4	2	2	2	2	2
282	1	4	4	3	4	3	4	4	3	4	2	2	2	2	2
283	1	4	4	4	4	4	4	4	4	4	2	2	2	2	2
284	1	4	4	4	4	4	4	4	4	4	2	2	2	2	2
285	1	4	4	3	4	3	4	4	3	4	2	2	2	2	2
286	1	4	4	4	4	4	4	4	4	4	2	2	2	2	2
287	1	4	4	4	4	4	4	4	4	4	2	2	2	2	2
288	1	4	4	3	4	3	4	4	3	4	2	2	2	2	2
289	1	4	4	4	4	4	4	4	4	4	2	2	2	2	2
290	1	4	4	4	4	4	4	4	4	4	2	2	2	2	2
291	1	4	4	3	4	3	4	4	3	4	2	2	2	2	2
292	1	4	4	4	4	4	4	4	4	4	2	2	2	2	2
293	1	4	4	3	4	3	4	4	3	4	2	2	2	2	2
294	1	4	4	4	4	4	4	4	4	4	2	2	2	2	2
295	1	4	4	2	2	2	2	2	4	2	2	4	2	2	2
296	1	4	4	2	2	2	2	2	4	2	2	4	2	2	2
297	1	4	4	2	2	2	2	2	4	2	2	4	2	2	2
298	1	4	4	2	2	2	2	2	4	2	2	4	2	2	2
299	1	4	4	2	2	2	2	2	4	2	2	4	2	2	2
300	1	4	4	2	2	2	2	2	4	2	2	4	2	2	2
301	1	4	4	2	2	2	2	2	4	2	2	4	2	2	2
302	1	4	4	2	2	2	2	2	4	2	2	4	2	2	2
303	1	4	4	2	2	2	2	2	4	2	2	4	2	2	2
304	1	4	4	2	2	2	2	2	4	2	2	4	2	2	2
305	1	4	4	2	2	2	2	2	4	2	2	4	2	2	2
306	1	4	4	2	2	2	2	2	4	2	2	4	2	2	2
307	1	4	4	2	2	2	2	2	4	2	2	4	2	2	2
308	1	4	4	2	2	2	2	2	4	2	2	4	2	2	2
309	1	4	4	2	2	2	2	2	4	2	2	4	2	2	2
310	1	4	4	2	2	2	2	2	4	2	2	4	2	2	2
311	1	4	4	2	2	2	2	2	4	2	2	4	2	2	2
312	1	4	4	2	2	2	2	2	4	2	2	4	2	2	2
313	1	4	4	2	2	2	2	2	4	2	2	4	2	2	2
314	1	4	4	2	2	2	2	2	4	2	2	4	2	2	2
315	1	4	4	2	2	2	2	2	4	2	2	4	2	2	2
316	1	4	4	2	2	2	2	2	4	2	2	4	2	2	2
317	1	4	3	2	2	2	2	2	4	2	2	2	2	2	2
318	1	4	3	2	2	2	2	2	4	2	2	2	2	2	2
319	1	4	3	2	2	2	2	2	4	2	2	2	2	2	2
320	1	4	3	2	2	2	2	2	4	2	2	2	2	2	2
321	1	4	3	2	2	2	2	2	4	2	2	2	2	2	2
322	1	4	3	2	2	2	2	2	4	2	2	2	2	2	2
323	1	4	3	2	2	2	2	2	4	2	2	2	2	2	2
324	1	4	3	2	2	2	2	2	4	2	2	2	2	2	2
325	1	4	3	2	2	2	2	2	4	2	2	2	2	2	2
326	1	4	3	2	2	2	2	2	4	2	2	2	2	2	2
327	1	4	3	2	2	2	2	2	4	2	2	2	2	2	2
328	1	4	3	2	2	2	2	2	4	2	2	2	2	2	2
329	1	4	3	2	2	2	2	2	4	2	2	2	2	2	2
330	1	4	3	2	2	2	2	2	4	2	2	2	2	2	2
331	1	4	3	2	2	2	2	2	4	2	2	2	2	2	2
332	1	4	3	2	2	2	2	2	4	2	2	2	2	2	2
333	1	4	3	2	2	2	2	2	4	2	2	2	2	2	2
334	1	4	3	2	2	2	2	2	4	2	2	2	2	2	2
335	1	4	3	2	2	2	2	2	4	2	2	2	2	2	2
336	1	4	3	2	2	2	2	2	4	2	2	2	2	2	2
337	1	3	4	3	4	4	4	4	4	4	4	4	4	4	4
338	1	3	4	3	4	4	4	4	4	4	4	4	4	4	4
339	1	3	4	3	4	4	4	4	4	4	4	4	4	4	4
340	1	3	4	3	4	4	4	4	4	4	4	4	4	4	4
341	1	3	4	4	4	4	4	4	3	4	4	4	4	4	4
342	1	1	4	3	4	4	4	4	4	4	4	4	4	4	4
343	1	3	4	4	4	4	4	4	3	4	4	4	4	4	4
344	1	3	4	4	4	4	4	4	3	4	4	4	4	4	4
345	1	3	4	3	4	4	4	4	4	4	4	4	4	4	4
346	1	4	3	3	4	4	4	4	4	4	4	4	4	4	4
347	1	4	3	3	4	4	4	4	4	4	4	4	4	4	4
348	1	4	3	3	4	4	4	4	4	4	4	4	4	4	4
349	3	3	4	4	4	4	4	4	3	4	4	4	4	4	4
350	1	3	4	4	4	4	4	4	3	4	4	4	4	4	4
351	3	3	4	4	4	4	4	4	3	4	4	4	4	4	4
352	1	4	3	3	4	4	4	4	4	4	4	4	4	4	4
353	1	3	4	4	4	4	4	4	3	4	4	4	4	4	4
354	1	4	4	4	3	4	4	4	4	4	4	4	4	4	4
355	3	4	4	4	3	4	4	4	4	4	4	4	4	4	4
356	1	4	4	4	3	4	4	4	4	4	4	4	4	4	4
357	1	4	4	4	3	4	4	4	4	4	4	4	4	4	4
358	1	4	4	4	3	4	4	4	4	4	4	4	4	4	4
359	1	3	4	3	3	4	4	4	4	4	4	4	4	4	4
360	1	4	4	4	3	4	4	4	4	4	4	4	4	4	4
361	1	3	4	3	3	4	4	4	4	4	4	4	4	4	4
362	1	3	4	3	3	4	4	4	4	4	4	4	4	4	4
363	1	4	4	4	3	4	4	4	4	4	4	4	4	4	4
364	1	4	4	4	3	4	4	4	4	4	4	4	4	4	4
365	1	4	4	4	3	4	4	4	4	4	4	4	4	4	4
366	3	4	4	4	3	4	4	4	4	4	4	4	4	4	4
367	1	3	4	4	4	4	4	4	4	4	3	4	4	4	4
368	1	3	4	4	4	4	4	4	4	4	3	4	4	4	4
369	1	4	4	4	4	4	4	4	4	4	3	4	4	4	4
370	1	3	4	4	4	4	4	4	4	4	3	4	4	4	4
371	1	3	4	4	4	4	4	4	4	4	3	4	4	4	4
372	1	3	4	4	4	4	4	4	4	4	3	4	4	4	4
373	1	3	4	4	4	4	4	4	4	4	3	4	4	4	4
374	1	3	4	4	4	4	4	4	4	4	3	4	4	4	4
375	1	4	4	4	4	4	4	4	4	4	3	4	4	4	4
376	1	4	4	4	4	4	4	4	4	4	3	4	4	4	4
377	1	3	4	4	4	4	4	4	4	4	3	4	4	4	4
378	1	3	4	4	4	4	4	4	4	4	3	4	4	4	4
379	1	4	4	4	4	4	4	4	4	4	3	4	4	4	4
380	1	4	4	4	4	4	4	4	4	4	3	4	4	4	4
381	1	3	4	4	4	4	4	4	4	4	3	4	4	4	4
382	1	4	4	4	4	4	4	4	4	4	3	4	4	4	4
383	1	4	4	4	4	4	4	4	4	4	3	4	4	4	4
384	1	4	4	4	4	4	4	4	4	4	4	4	4	4	4
385	1	4	4	4	4	4	4	4	4	4	4	4	4	4	4
386	1	4	4	4	4	4	4	4	4	4	4	4	4	4	4
387	1	4	4	4	4	4	4	4	4	4	4	4	4	4	4
388	1	4	4	4	4	4	4	4	4	4	4	4	4	4	4
389	1	4	4	4	4	4	4	4	4	4	4	4	4	4	4
390	1	4	4	4	4	4	4	4	4	4	4	4	4	4	4
391	1	4	4	4	4	4	4	4	4	4	4	4	4	4	4
392	1	4	4	4	4	4	4	4	4	4	4	4	4	4	4
393	1	4	4	4	4	4	4	4	4	4	4	4	4	4	4
394	1	4	4	4	4	4	4	4	4	4	4	4	4	4	4
395	1	4	4	4	4	4	4	4	4	4	4	4	4	4	4
396	1	4	4	4	4	4	4	4	4	4	4	4	4	4	4
397	1	4	3	4	4	4	2	4	2	4	2	2	4	4	4
398	1	4	3	4	4	4	2	4	2	4	2	2	4	4	4
399	1	4	3	4	4	4	2	4	2	4	2	2	4	4	4
400	1	4	3	4	4	4	2	4	2	4	2	2	4	4	4
401	1	4	3	4	4	4	2	4	2	4	2	2	4	4	4
402	1	4	3	4	4	4	2	4	2	4	2	2	4	4	4
403	1	4	3	4	4	4	2	4	2	4	2	2	4	4	4
404	1	4	3	4	4	4	2	4	2	4	2	2	4	4	4
405	1	4	3	4	4	4	2	4	2	4	2	2	4	4	4
406	1	4	3	4	4	4	2	4	2	4	2	2	4	4	4
407	1	4	3	4	4	4	2	4	2	4	2	2	4	4	4
408	1	4	3	4	4	4	2	4	2	4	2	2	4	4	4
409	1	4	3	4	4	4	2	4	2	4	2	2	4	4	4
410	1	3	4	4	4	4	2	4	2	4	2	2	4	4	4
411	1	1	4	4	4	4	2	4	2	4	2	2	4	4	4
412	1	4	3	4	4	4	2	4	2	4	2	2	4	4	4
413	1	3	4	4	4	4	2	4	2	4	2	2	4	4	4
414	1	4	3	4	4	4	2	4	2	4	2	2	4	4	4
415	1	4	3	4	4	4	2	4	2	4	2	2	4	4	4
416	3	4	4	4	4	4	4	4	4	4	4	4	4	3	4
417	1	4	4	4	4	4	4	4	4	4	4	4	4	3	4
418	1	4	4	4	4	4	4	4	4	4	4	4	4	3	4
419	1	4	4	4	4	4	4	4	4	4	4	4	4	3	4
420	1	4	4	4	4	4	4	4	4	4	4	4	4	3	4
421	1	4	4	4	4	4	4	4	4	4	4	4	4	3	4
422	1	4	4	4	4	4	4	4	4	4	4	4	4	3	4
423	3	4	4	4	4	4	4	4	4	4	4	4	4	3	4
424	1	4	4	4	4	4	4	4	4	4	4	4	4	3	4
425	1	4	4	4	4	4	4	4	4	4	4	4	4	3	4
426	3	4	4	4	4	4	4	4	4	4	4	4	4	3	4
427	1	4	4	4	4	4	4	4	4	4	4	4	4	3	4
428	1	4	4	4	4	4	4	3	4	4	4	4	4	2	4
429	1	4	4	4	4	4	4	3	4	4	4	4	4	2	4
430	1	3	3	4	4	4	3	4	4	3	4	3	4	2	4
431	1	4	4	4	4	4	4	3	4	4	4	4	4	2	4
432	1	4	4	4	4	4	4	3	4	4	4	4	4	2	4
433	1	4	4	4	4	4	4	3	4	4	4	4	4	2	4
434	1	4	4	4	4	4	4	3	4	4	4	4	4	2	4
435	1	4	4	4	4	4	4	3	4	4	4	4	4	2	4
436	1	3	3	4	4	4	3	4	4	3	4	3	4	2	4
437	1	4	4	4	4	4	4	3	4	4	4	4	4	2	4
438	1	3	3	4	4	4	3	4	4	3	4	3	4	2	4
439	1	3	3	4	4	4	3	4	4	3	4	3	4	2	4
440	1	3	3	4	4	4	3	4	4	3	4	3	4	2	4
441	1	4	4	4	4	4	4	3	4	4	4	4	4	2	4
442	1	3	3	4	4	4	3	4	4	3	4	3	4	2	4
443	1	3	3	4	4	4	3	4	4	3	4	3	4	2	4
444	1	3	3	4	4	4	3	4	4	3	4	3	4	2	4
445	1	4	4	4	4	4	4	3	4	4	4	4	4	2	4
446	1	4	4	4	4	4	4	4	4	4	4	4	2	4	4
447	1	4	4	4	4	4	4	4	4	4	4	4	2	4	4
448	1	4	4	4	4	4	4	4	4	4	4	4	2	4	4
449	1	4	4	4	4	4	4	4	4	4	4	4	2	4	4
450	1	4	4	4	4	4	4	4	4	4	4	4	2	4	4
451	1	4	4	4	4	4	4	4	4	4	4	4	2	4	4
452	1	4	4	4	4	4	4	4	4	4	4	4	2	4	4
453	1	4	4	4	4	4	4	4	4	4	4	4	2	4	4
454	1	4	4	4	4	4	4	4	4	4	4	4	2	4	4
455	1	4	4	4	4	4	4	4	4	4	4	4	2	4	4
456	1	4	4	4	4	4	4	4	4	4	4	4	2	4	4
457	1	4	4	4	4	4	4	4	4	4	4	4	2	4	4
458	1	4	4	4	4	4	4	4	4	4	4	4	2	4	4
459	1	4	4	4	4	4	4	4	4	4	4	4	2	4	4
460	1	4	4	4	4	4	4	4	4	4	4	4	2	4	4
461	1	4	4	4	4	4	4	4	4	4	4	4	2	4	4
462	1	4	4	4	4	4	4	4	4	4	4	4	2	4	4
463	1	1	4	4	4	4	4	4	4	4	4	4	4	4	4
464	1	4	4	4	4	4	4	4	4	4	4	4	4	4	4
465	1	4	4	4	4	4	4	4	4	4	4	4	4	4	4
466	1	4	4	4	4	4	4	4	4	4	4	4	4	4	4
467	1	4	4	4	4	4	4	4	4	4	4	4	4	4	4
468	1	4	4	4	4	4	4	4	4	4	4	4	4	4	4
469	1	4	4	4	4	4	4	4	4	4	4	4	4	4	4
470	1	4	4	4	4	4	4	4	4	4	4	4	4	4	4
471	1	4	4	4	4	4	4	4	4	4	4	4	4	4	4
472	1	4	4	4	4	4	4	4	4	4	4	4	4	4	4
473	1	4	4	4	4	4	4	4	4	4	4	4	4	4	4
474	1	4	4	4	4	4	4	4	4	4	4	4	4	4	4
475	1	4	4	4	4	4	3	4	4	3	4	3	3	3	4
476	1	4	4	4	4	4	3	4	4	3	4	3	3	3	4
477	1	4	4	4	4	4	3	4	4	3	4	3	3	3	4
478	1	4	4	4	4	4	3	4	4	3	4	3	3	3	4
479	1	4	4	4	4	4	3	4	4	3	4	3	3	3	4
480	1	4	4	4	4	4	3	4	4	3	4	3	3	3	4
481	1	4	4	4	4	4	3	4	4	3	4	3	3	3	4
482	1	4	4	4	4	4	3	4	4	3	4	3	3	3	4
483	1	3	4	4	4	4	4	4	4	4	2	4	2	4	4
484	1	3	4	4	4	4	4	4	4	4	2	4	2	4	4
485	1	4	4	4	4	4	4	4	4	4	2	4	2	4	4
486	1	3	4	4	4	4	4	4	4	4	2	4	2	4	4
487	1	3	4	4	4	4	4	4	4	4	2	4	2	4	4
488	1	4	4	4	4	4	4	4	4	4	2	4	2	4	4
489	1	4	4	4	4	4	4	4	4	4	2	4	2	4	4
490	1	3	4	4	4	4	4	4	4	4	2	4	2	4	4
491	1	4	4	4	4	4	4	4	4	4	2	4	2	4	4
492	1	4	4	4	4	4	4	4	4	4	2	4	2	4	4
493	1	3	4	4	4	4	4	4	4	4	2	4	2	4	4
494	1	3	4	4	4	4	4	4	4	4	2	4	2	4	4
495	1	4	4	4	4	4	4	4	4	4	2	4	2	4	4
496	1	4	4	4	4	4	4	4	4	4	2	4	2	4	4
497	1	4	4	4	4	4	4	4	4	4	2	4	2	4	4
498	1	4	4	4	4	4	4	4	4	4	2	4	2	4	4
499	1	4	4	4	4	4	4	4	4	4	2	4	2	4	4
500	1	4	4	4	4	4	4	4	4	4	2	4	2	4	4
501	1	4	4	4	4	4	4	4	4	4	4	4	3	4	4
502	1	4	4	4	4	4	4	4	4	4	4	4	3	4	4
503	1	4	4	4	4	4	4	4	4	4	4	4	3	4	4
504	4	4	4	4	4	4	4	4	4	4	4	4	3	4	4
505	1	4	4	4	4	4	4	4	4	4	4	4	3	4	4
506	1	4	4	4	4	4	4	4	4	4	4	4	3	4	4
507	1	4	4	4	4	4	4	4	4	4	4	4	3	4	4
508	1	4	4	4	4	4	4	4	4	4	4	4	3	4	4
509	1	4	4	4	4	4	4	4	4	4	4	4	3	4	4
510	1	4	4	4	4	4	4	4	4	4	4	4	3	4	4
511	1	4	3	4	4	4	4	4	4	4	4	4	4	4	4
512	1	4	4	4	4	4	4	4	4	4	4	4	4	4	4
513	1	4	4	4	4	4	4	4	4	4	4	4	4	4	4
514	1	3	3	4	4	4	4	4	4	4	4	4	4	4	4
515	1	3	3	4	4	4	4	4	4	4	4	4	4	4	4
516	1	4	4	4	4	4	4	4	4	4	4	4	4	4	4
517	1	4	3	4	4	4	4	4	4	4	4	4	4	4	4
518	1	3	3	4	4	4	4	4	4	4	4	4	4	4	4
519	1	3	3	4	4	4	4	4	4	4	4	4	4	4	4
520	1	3	3	4	4	4	4	4	4	4	4	4	4	4	4
521	1	4	4	4	4	4	4	4	4	4	4	4	4	4	4
522	1	4	3	4	4	4	4	4	4	4	4	4	4	4	4
523	1	3	3	4	4	4	4	4	4	4	4	4	4	4	4
524	1	3	3	4	4	4	4	4	4	4	4	4	4	4	4
525	1	3	3	4	4	4	4	4	4	4	4	4	4	4	4
526	1	4	4	4	4	4	4	4	4	4	4	4	4	4	4
527	1	3	3	4	4	4	4	4	4	4	4	4	4	4	4
528	1	3	4	4	4	4	4	4	4	4	4	4	4	4	4
529	1	4	4	4	4	4	4	4	4	4	4	4	4	4	4
530	1	3	4	4	4	4	4	4	4	4	4	4	4	4	4
531	1	3	4	4	4	4	4	4	4	4	4	4	4	4	4
532	1	3	4	4	4	4	4	4	4	4	4	4	4	4	4
533	4	4	4	4	4	4	4	4	4	4	4	4	4	4	4
534	1	3	4	4	4	4	4	4	4	4	4	4	4	4	4
535	1	4	4	4	4	4	4	4	4	4	4	4	4	4	4
536	1	4	4	4	4	4	4	4	4	4	4	4	4	4	4
537	1	4	4	4	4	4	4	4	4	4	4	4	4	4	4
538	1	4	4	4	4	4	4	4	4	4	4	4	4	4	4
539	1	4	4	4	4	4	4	4	4	4	4	4	4	4	4
540	1	4	4	4	4	4	4	4	4	4	4	4	4	4	4
541	1	4	4	4	4	4	4	4	4	4	4	4	4	4	4
542	1	4	4	4	4	4	4	4	4	4	4	4	4	4	4
543	1	4	4	4	4	4	4	4	4	4	4	4	4	4	4
544	1	4	4	4	4	4	4	4	4	4	4	4	4	4	4
545	1	4	4	4	4	4	4	4	4	4	4	4	4	4	4
546	1	4	4	4	4	4	4	4	4	4	4	4	4	4	4
547	1	4	4	4	4	4	4	4	4	4	4	4	4	4	4
548	1	4	4	4	4	4	4	4	4	4	4	4	4	4	4
549	1	4	4	4	4	4	4	4	4	4	4	4	4	4	4
550	1	4	4	4	4	4	4	4	4	4	4	4	4	4	4
551	1	4	4	4	4	4	4	4	4	4	4	4	4	4	4
552	1	4	4	4	4	4	4	4	4	4	4	4	4	4	4
553	1	4	4	4	4	4	4	4	4	4	4	4	4	4	4
554	1	3	4	4	3	3	3	4	3	4	4	4	4	4	4
555	1	4	4	4	4	4	4	4	4	4	4	4	4	4	4
556	1	3	4	4	3	3	3	4	3	4	4	4	4	4	4
557	1	4	4	4	4	4	4	4	4	4	4	4	4	4	4
558	1	4	4	4	4	4	4	4	4	4	4	4	4	4	4
559	1	3	4	4	3	3	3	4	3	4	4	4	4	4	4
560	1	3	4	4	3	3	3	4	3	4	4	4	4	4	4
561	1	4	4	4	4	4	4	4	4	4	4	4	4	4	4
562	1	3	4	4	3	3	3	4	3	4	4	4	4	4	4
563	1	4	4	4	4	4	4	4	4	4	4	4	4	4	4
564	1	4	4	4	4	4	4	4	4	4	4	4	4	4	4
565	1	4	4	4	4	4	4	4	4	4	4	4	4	4	4
566	1	4	4	4	4	4	4	4	4	4	4	4	4	4	4
567	1	4	4	4	4	4	4	4	4	4	4	4	4	4	4
568	1	3	4	4	3	3	3	4	3	4	4	4	4	4	4
569	1	4	4	4	4	4	4	4	4	4	4	4	4	4	4
570	1	4	4	4	4	4	2	4	4	4	4	4	4	4	4
571	1	4	4	4	4	4	2	4	4	4	4	4	4	4	4
572	1	4	4	4	4	4	2	4	4	4	4	4	4	4	4
573	1	4	4	4	4	4	2	4	4	4	4	4	4	4	4
574	1	4	4	4	4	4	2	4	4	4	4	4	4	4	4
575	1	4	4	4	4	4	2	4	4	4	4	4	4	4	4
576	1	4	4	4	4	4	2	4	4	4	4	4	4	4	4
577	1	4	4	4	4	4	2	4	4	4	4	4	4	4	4
578	1	4	4	4	4	4	2	4	4	4	4	4	4	4	4
579	1	4	4	4	4	4	2	4	4	4	4	4	4	4	4
580	1	4	4	4	4	4	2	4	4	4	4	4	4	4	4
581	1	4	4	4	4	4	2	4	4	4	4	4	4	4	4
582	1	4	4	4	4	4	2	4	4	4	4	4	4	4	4
583	1	4	4	4	4	4	2	4	4	4	4	4	4	4	4
584	1	4	4	4	4	4	2	4	4	4	4	4	4	4	4
585	1	4	4	4	4	4	2	4	4	4	4	4	4	4	4
586	1	4	4	4	4	4	2	4	4	4	4	4	4	4	4
587	1	3	4	4	4	4	4	4	4	4	4	4	4	4	4
588	1	3	4	4	4	4	4	4	4	4	4	4	4	4	4
589	1	3	4	4	4	4	4	4	4	4	4	4	4	4	4
590	1	3	4	4	4	4	4	4	4	4	4	4	4	4	4
591	1	3	4	4	4	4	4	4	4	4	4	4	4	4	4
592	1	3	4	4	4	4	4	4	4	4	4	4	4	4	4
593	3	3	4	4	4	4	4	4	4	4	4	4	4	4	4
594	1	3	4	4	4	4	4	4	4	4	4	4	4	4	4
595	1	3	4	4	4	4	4	4	4	4	4	4	4	4	4
596	3	3	4	4	4	4	4	4	4	4	4	4	4	4	4
597	1	3	4	4	4	4	4	4	4	4	4	4	4	4	4
598	1	3	4	4	4	4	4	4	4	4	4	4	4	4	4
599	1	3	4	4	4	4	4	4	4	4	4	4	4	4	4
600	1	4	4	4	4	4	4	4	4	4	4	4	4	4	4
601	1	4	4	4	4	4	4	4	4	4	4	4	4	4	4
602	1	4	4	4	4	4	4	4	4	4	4	4	4	4	4
603	1	4	4	4	4	4	4	4	4	4	4	4	4	4	4
604	1	4	4	4	4	4	4	4	4	4	4	4	4	4	4
605	1	4	4	4	4	4	4	4	4	4	4	4	4	4	4
606	1	4	4	4	4	4	4	4	4	4	4	4	4	4	4
607	1	4	4	4	4	4	4	4	4	4	4	4	4	4	4
608	1	4	4	4	4	4	4	4	4	4	4	4	4	4	4
609	1	4	4	4	4	4	4	4	4	4	4	4	4	4	4
610	1	4	4	4	4	4	4	4	4	4	4	4	4	4	4
611	1	4	4	4	4	4	4	4	4	4	4	4	4	4	4
612	4	4	4	4	4	4	4	4	4	4	4	4	4	4	4
613	1	4	4	4	4	4	4	4	4	4	4	4	4	4	4
614	1	4	4	4	4	4	4	4	4	4	4	4	4	4	4
615	1	4	4	3	4	4	4	4	4	4	2	4	4	4	4
616	1	4	4	3	4	4	4	4	4	4	2	4	4	4	4
617	1	4	4	3	4	4	4	4	4	4	2	4	4	4	4
618	1	4	4	3	4	4	4	4	4	4	2	4	4	4	4
619	1	4	4	3	4	4	4	4	4	4	2	4	4	4	4
620	1	4	4	3	4	4	4	4	4	4	2	4	4	4	4
621	1	4	4	3	4	4	4	4	4	4	2	4	4	4	4
622	1	4	4	3	4	4	4	4	4	4	2	4	4	4	4
623	1	4	4	3	4	4	4	4	4	4	2	4	4	4	4
624	1	4	4	3	4	4	4	4	4	4	2	4	4	4	4
625	1	4	4	3	4	4	4	4	4	4	2	4	4	4	4
626	1	4	4	3	4	4	4	4	4	4	2	4	4	4	4
627	1	4	4	3	4	4	4	4	4	4	2	4	4	4	4
628	1	4	4	3	4	4	4	4	4	4	2	4	4	4	4
629	1	4	4	3	4	4	4	4	4	4	2	4	4	4	4
630	1	4	4	3	4	4	4	4	4	4	2	4	4	4	4
631	1	4	4	3	4	4	4	4	4	4	2	4	4	4	4
632	1	4	4	4	4	4	4	4	4	4	4	4	4	4	4
633	1	4	4	4	4	4	4	4	4	4	4	4	4	4	4
634	1	4	4	4	4	4	4	4	4	4	4	4	4	4	4
635	1	4	4	4	4	4	4	4	4	4	4	4	4	4	4
636	1	4	4	4	4	4	4	4	4	4	4	4	4	4	4
637	1	4	4	4	4	4	4	4	4	4	4	4	4	4	4
638	1	4	4	4	4	4	4	4	4	4	4	4	4	4	4
639	1	4	4	4	4	4	4	4	4	4	4	4	4	4	4
640	1	4	4	4	4	4	4	4	4	4	4	4	4	4	4
641	1	4	4	4	4	4	4	4	4	4	4	4	4	4	4
642	1	4	4	4	4	4	4	4	4	4	4	4	4	4	4
643	1	4	4	4	4	4	4	4	4	4	4	4	4	4	4
644	1	4	4	4	4	4	4	4	4	4	4	4	4	4	4
645	1	4	4	4	4	4	4	4	4	4	4	4	4	4	4
646	1	4	4	4	4	4	4	4	4	4	4	4	4	4	4
647	1	4	4	4	4	4	4	4	4	4	4	4	4	4	4
648	1	4	4	4	4	4	4	4	4	4	4	4	4	4	4
649	1	4	4	4	4	4	4	4	4	4	4	4	4	4	4
650	1	4	4	4	4	4	4	4	4	4	4	4	4	4	4
651	1	4	4	4	4	4	4	4	4	4	4	4	4	4	4
652	1	4	4	4	4	4	4	4	4	4	4	4	4	4	4
653	1	4	4	4	4	4	4	4	4	4	4	4	4	4	4
654	1	4	4	4	4	4	4	4	4	4	4	4	4	4	4
655	1	3	4	3	4	4	4	4	4	3	4	4	4	4	4
656	1	4	4	3	4	4	4	4	4	3	4	4	4	4	4
657	1	3	4	4	4	3	4	3	4	3	4	4	4	4	4
658	1	3	4	4	4	3	4	3	4	3	4	4	4	4	4
659	1	3	4	4	4	3	4	3	4	3	4	4	4	4	4
660	1	4	4	1	4	4	4	4	4	3	4	4	4	4	4
661	1	3	4	4	4	3	4	3	4	3	4	4	4	4	4
662	1	4	4	3	4	4	4	4	4	3	4	4	4	4	4
663	1	4	4	3	4	4	4	4	4	3	4	4	4	4	4
664	1	4	4	3	4	4	4	4	4	3	4	4	4	4	4
665	1	3	4	3	4	4	4	4	4	3	4	4	4	4	4
666	1	4	4	3	4	4	4	4	4	3	4	4	4	4	4
667	1	3	4	4	4	1	4	3	4	3	4	4	4	4	4
668	1	4	4	4	4	4	4	4	4	4	4	3	4	4	4
669	1	4	4	4	4	4	4	4	4	4	4	3	4	4	4
670	1	4	4	4	4	4	4	4	4	4	4	3	4	4	4
671	1	4	4	4	4	4	4	4	4	4	4	3	4	4	4
672	1	4	4	4	4	4	4	4	4	4	4	3	4	4	4
673	1	4	4	4	4	4	4	4	4	4	4	3	4	4	4
674	1	4	4	4	4	4	4	4	4	4	4	3	4	4	4
675	1	4	4	4	4	4	4	4	4	4	4	3	4	4	4
676	1	4	4	4	4	4	4	4	4	4	4	3	4	4	4
677	1	4	4	4	4	4	4	4	4	4	4	3	4	4	4
678	1	4	4	4	4	4	4	4	4	4	4	3	4	4	4
679	1	4	4	4	4	4	4	4	4	4	4	3	4	4	4
680	1	4	4	4	4	4	4	4	4	4	4	3	4	4	4
681	1	4	4	4	4	4	4	4	4	4	4	3	4	4	4
682	1	3	4	4	4	4	4	4	4	4	4	4	4	4	4
683	1	3	4	4	4	4	4	4	4	4	4	4	4	4	4
684	1	3	4	4	4	4	4	4	4	4	4	4	4	4	4
685	1	3	4	4	4	4	4	4	4	4	4	4	4	4	4
686	1	3	4	4	4	4	4	4	4	4	4	4	4	4	4
687	1	3	4	4	4	4	4	4	4	4	4	4	4	4	4
688	1	3	4	4	4	4	4	4	4	4	4	4	4	4	4
689	1	3	4	4	4	4	4	4	4	4	4	4	4	4	4
690	1	3	4	4	4	4	4	4	4	4	4	4	4	4	4
691	1	3	4	4	4	4	4	4	4	4	4	4	4	4	4
692	1	3	4	4	4	4	4	4	4	4	4	4	4	4	4
693	1	3	4	4	4	4	4	4	4	4	4	4	4	4	4
694	1	3	4	4	4	4	4	4	4	4	4	4	4	4	4
695	1	3	4	4	4	4	4	4	4	4	4	4	4	4	4
696	1	3	4	4	4	4	4	4	4	4	4	4	4	4	4
697	1	4	3	4	4	4	4	4	4	4	4	4	4	4	4
698	1	4	3	4	4	4	4	4	4	4	4	4	4	4	4
699	1	4	3	4	4	4	4	4	4	4	4	4	4	4	4
700	1	4	3	4	4	4	4	4	4	4	4	4	4	4	4
701	1	4	3	4	4	4	4	4	4	4	4	4	4	4	4
702	1	4	3	4	4	4	4	4	4	4	4	4	4	4	4
703	1	4	3	4	4	4	4	4	4	4	4	4	4	4	4
704	1	4	3	4	4	4	4	4	4	4	4	4	4	4	4
705	1	4	3	4	4	4	4	4	4	4	4	4	4	4	4
706	1	4	3	4	4	4	4	4	4	4	4	4	4	4	4
707	1	4	3	4	4	4	4	4	4	4	4	4	4	4	4
708	1	4	3	4	4	4	4	4	4	4	4	4	4	4	4
709	1	4	3	4	4	4	4	4	4	4	4	4	4	4	4
710	1	4	3	4	4	4	4	4	4	4	4	4	4	4	4
711	1	4	3	4	4	4	4	4	4	4	4	4	4	4	4
712	1	4	3	4	4	4	4	4	4	4	4	4	4	4	4
713	1	4	4	4	4	4	4	4	4	4	4	4	4	4	4
714	1	4	4	4	4	4	4	4	4	4	4	4	4	4	4
715	1	4	4	4	4	4	4	4	4	4	4	4	4	4	4
716	1	4	4	4	4	4	4	4	4	4	4	4	4	4	4
717	1	4	4	4	4	4	4	4	4	4	4	4	4	4	4
718	1	1	4	1	4	4	4	4	4	4	4	4	4	4	4
719	1	4	4	4	4	4	4	4	4	4	4	4	4	4	4
720	1	4	4	4	4	4	4	4	4	4	4	4	4	4	4
721	1	1	4	1	4	4	4	4	4	4	4	4	4	4	4
722	1	4	4	4	4	4	4	4	4	4	4	4	4	4	4
723	1	4	4	4	4	4	4	4	4	4	4	4	4	4	4
724	1	4	4	4	4	4	4	4	4	4	4	4	4	4	4
725	1	4	4	4	4	4	4	4	4	4	4	4	4	4	4
726	1	4	4	4	4	4	4	4	4	4	4	4	4	4	4
727	1	4	4	4	4	4	4	4	4	4	4	4	4	4	4
728	1	4	4	4	4	4	4	4	4	4	4	4	4	4	4
729	1	4	4	4	4	4	4	4	4	4	4	4	4	4	4
730	1	4	4	4	4	4	4	4	4	4	4	4	4	4	4
731	1	4	4	4	4	4	4	4	4	4	4	4	4	4	4
732	1	4	4	4	4	4	4	4	4	4	4	4	4	4	4
733	1	4	4	4	4	4	4	4	4	4	4	4	4	4	4
734	1	4	4	4	4	4	4	4	4	4	4	4	4	4	4
735	1	4	4	4	4	4	4	4	4	4	4	4	4	4	4
736	1	4	4	4	4	4	4	4	4	4	4	4	4	4	4
737	1	4	4	4	4	4	4	4	4	4	4	4	4	4	4
738	1	4	4	4	4	4	4	4	4	4	4	4	4	4	4
739	1	4	4	4	4	4	4	4	4	4	4	4	4	4	4
740	1	4	4	4	4	4	4	4	4	4	4	4	4	4	4
741	1	4	4	4	4	4	4	4	4	4	4	4	4	4	4
742	1	3	4	4	3	3	4	4	3	3	4	3	4	4	4
743	1	3	4	4	3	3	4	4	3	3	4	3	4	4	4
744	1	4	3	4	4	4	3	3	4	4	4	3	4	4	4
745	1	4	3	4	4	4	3	3	4	4	4	3	4	4	4
746	1	4	3	4	4	4	3	3	4	4	4	3	4	4	4
747	1	4	3	4	4	4	3	3	4	4	4	3	4	4	4
748	1	3	4	4	3	3	4	4	3	3	4	3	4	4	4
749	1	4	3	4	4	4	3	3	4	4	4	3	4	4	4
750	1	3	4	4	3	3	4	4	3	3	4	3	4	4	4
751	1	4	3	4	4	4	3	3	4	4	4	3	4	4	4
752	1	4	3	4	4	4	3	3	4	4	4	3	4	4	4
753	1	3	4	4	3	3	4	4	3	3	4	3	4	4	4
754	1	3	4	4	3	3	4	4	3	3	4	3	4	4	4
755	1	4	4	4	4	4	4	3	4	4	4	4	4	4	4
756	1	4	4	4	4	4	4	3	4	4	4	4	4	4	4
757	1	4	4	4	4	4	4	3	4	4	4	4	4	4	4
758	1	4	4	4	4	4	4	3	4	4	4	4	4	4	4
759	1	4	4	4	4	4	4	3	4	4	4	4	4	4	4
760	1	4	4	4	4	4	4	3	4	4	4	4	4	4	4
761	1	4	4	4	4	4	4	3	4	4	4	4	4	4	4
762	1	4	4	4	4	4	4	3	4	4	4	4	4	4	4
763	1	4	4	4	4	4	4	2	4	2	2	2	2	2	4
764	1	4	4	4	4	4	4	2	4	2	2	2	2	2	4
765	1	3	4	3	4	4	4	2	4	2	2	2	2	2	4
766	1	4	4	4	4	4	4	2	4	2	2	2	2	2	4
767	1	4	4	4	4	4	4	2	4	2	2	2	2	2	4
768	1	4	4	4	4	4	4	2	4	2	2	2	2	2	4
769	1	3	4	3	4	4	4	2	4	2	2	2	2	2	4
770	1	4	4	4	4	4	4	2	4	2	2	2	2	2	4
771	1	4	4	4	4	4	4	2	4	2	2	2	2	2	4
772	1	4	4	4	4	4	4	2	4	2	2	2	2	2	4
773	1	3	4	3	4	4	4	2	4	2	2	2	2	2	4
774	1	4	4	4	4	4	4	2	4	2	2	2	2	2	4
775	1	4	4	4	4	4	4	2	4	2	2	2	2	2	4
776	1	3	4	3	4	4	4	2	4	2	2	2	2	2	4
777	1	3	4	3	4	4	4	2	4	2	2	2	2	2	4
778	1	4	4	4	4	4	4	2	4	2	2	2	2	2	4
779	1	4	4	4	4	4	4	2	4	2	2	2	2	2	4
780	1	3	4	3	4	4	4	2	4	2	2	2	2	2	4
781	1	3	4	3	4	4	4	2	4	2	2	2	2	2	4
782	1	3	2	4	2	4	2	4	4	2	4	2	4	2	4
783	1	3	2	4	2	4	2	4	4	2	4	2	4	2	4
784	1	4	2	4	2	4	2	4	4	2	4	2	4	2	4
785	1	4	2	4	2	4	2	4	4	2	4	2	4	2	4
786	1	3	2	4	2	4	2	4	4	2	4	2	4	2	4
787	1	4	2	4	2	4	2	4	4	2	4	2	4	2	4
788	1	3	2	4	2	4	2	4	4	2	4	2	4	2	4
789	1	4	2	4	2	4	2	4	4	2	4	2	4	2	4
790	1	3	2	4	2	4	2	4	4	2	4	2	4	2	4
791	1	4	2	4	2	4	2	4	4	2	4	2	4	2	4
792	1	4	2	4	2	4	2	4	4	2	4	2	4	2	4
793	1	3	2	4	2	4	2	4	4	2	4	2	4	2	4
794	1	4	2	4	2	4	2	4	4	2	4	2	4	2	4
795	1	4	2	4	2	4	2	4	4	2	4	2	4	2	4
796	1	3	2	4	2	4	2	4	4	2	4	2	4	2	4
797	1	4	2	4	2	4	2	4	4	2	4	2	4	2	4
798	1	4	2	4	2	4	2	4	4	2	4	2	4	2	4
799	1	4	2	4	2	4	2	4	4	2	4	2	4	2	4
800	1	3	2	4	2	4	2	4	4	2	4	2	4	2	4
