[[ 2.15489039  0.33339416  0.79370588  1.58929652  1.21095994  0.32584481
   5.28552078]
 [ 6.84293246  1.51848341  0.51791967  1.06740507  3.35485955  2.29959072
   3.010225  ]
 [17.93264311  6.35499484  1.84607104  4.45715028  3.88721521  3.47248124
   7.51858486]
 [14.96604576 16.55120292 12.07831066  9.72044068  4.99585328  5.79254985
   9.92702628]
 [14.96239564  4.57857104 11.35481872 10.4302759  14.29733407 12.90972294
   7.46871255]
 [51.2003846  19.81125806  9.72163269 18.6662325  10.53599294 18.11694187
  15.09361445]]
