[[40.10598504 14.33094773 11.9524119  10.97549419  6.23828631  5.67630979
   5.49862352]
 [33.13551976  9.5978075   9.32216061 11.68923692  7.81474626  6.75778091
   3.79699446]
 [38.24548515 21.50622703 11.56728468 11.41089125 11.60288439  7.25075851
   1.20288634]
 [48.97194397 11.05786068 20.59789126  8.30102668 12.98384089  5.56161903
   2.51638037]
 [30.10759976 24.83845478 21.71183586 12.65547264 15.91248915  6.45218412
   0.46787757]
 [68.00919745 44.16394113 19.37583056 13.96136695 12.52477567  4.12018973
  11.62562425]]
