[[ 2.17197881  3.3685579   7.508534    7.80807702  5.56372741  6.68238674
   9.87501147]
 [ 0.10226882  2.71544276  5.8000814   8.74770582  4.79498758  7.29262503
   6.66945134]
 [ 1.87994171  3.95296629  4.7122294   6.97525838  6.61859479  6.5429356
   9.3958043 ]
 [ 1.91830906  0.67397849  5.38568201  5.53835044  7.03483699  4.52901604
  10.86468589]
 [ 0.34384011  2.93101753  3.28822403  6.25328151  4.08310139  6.30166412
  10.5983144 ]
 [ 1.36810256  1.00589713  3.10930312  5.8159793   4.00612689  6.00752457
  21.96018637]]
