MolID	1	2	3	4	5	6	7	8	9	10	11	12	13	14
57	nan	0.610270	0.674570	0.742790	0.797940	0.343780	0.566140	0.409390	0.330300	0.576030	nan	0.268160	0.643600	0.331470	nan
626	nan	0.610270	0.674570	0.742790	0.797940	0.343780	0.566140	0.409390	0.330300	0.576030	nan	0.268160	0.643600	0.331470	nan
580	nan	nan	nan	nan	nan	0.343780	0.566140	0.409390	0.330300	0.576030	nan	0.268160	0.643600	0.331470	nan
7	nan	nan	nan	nan	nan	0.343780	0.566140	0.409390	0.330300	0.576030	nan	0.268160	0.643600	0.331470	nan
80	nan	nan	0.663090	nan	0.905300	0.701330	0.751130	nan	0.246440	nan	nan	0.563400	0.553540	0.372450	nan
737	nan	nan	0.663090	nan	0.905300	0.701330	0.751130	nan	0.246440	nan	nan	0.563400	0.553540	0.372450	nan
248	nan	nan	0.663090	nan	0.905300	0.701330	0.751130	nan	0.246440	nan	nan	0.563400	0.553540	0.372450	nan
669	nan	nan	0.663090	nan	0.905300	0.701330	0.751130	nan	0.246440	nan	nan	0.563400	0.553540	0.372450	nan
14	nan	nan	0.663090	nan	0.905300	0.701330	0.751130	nan	0.246440	nan	nan	0.563400	0.553540	0.372450	nan
15	nan	0.513260	0.429860	nan	nan	0.741580	0.545050	0.751470	0.735160	0.790300	nan	0.563400	0.553540	0.372450	nan
96	nan	0.416950	0.355540	0.423030	0.525990	0.599840	0.596080	0.425980	0.697320	0.586490	0.611850	0.098840	0.309770	0.777920	nan
448	nan	0.416950	0.355540	0.423030	0.525990	0.599840	0.596080	0.425980	0.697320	0.586490	0.611850	0.098840	0.309770	0.777920	nan
552	nan	0.416950	0.355540	0.423030	0.525990	0.599840	0.596080	0.425980	0.697320	0.586490	0.611850	0.098840	0.309770	0.777920	nan
241	nan	0.416950	0.355540	0.423030	0.525990	0.599840	0.596080	0.425980	0.697320	0.586490	0.611850	0.098840	0.309770	0.777920	nan
87	nan	0.416950	0.355540	0.423030	0.525990	0.599840	0.596080	0.425980	0.697320	0.586490	0.611850	0.098840	0.309770	0.777920	nan
568	nan	0.416950	0.355540	0.423030	0.525990	0.599840	0.596080	0.425980	0.697320	0.586490	0.611850	0.098840	0.309770	0.777920	nan
59	nan	0.416950	0.355540	0.423030	0.525990	0.599840	0.596080	0.425980	0.697320	0.586490	0.611850	0.098840	0.309770	0.777920	nan
152	nan	0.416950	0.355540	0.423030	0.525990	0.599840	0.596080	0.425980	0.697320	0.586490	0.611850	0.098840	0.309770	0.777920	nan
223	nan	0.558580	0.661510	0.631310	0.520540	0.456640	0.656470	0.765830	0.484650	0.389340	0.763270	0.558860	0.444460	0.306220	nan
788	nan	0.558580	0.661510	0.631310	0.520540	0.456640	0.656470	0.765830	0.484650	0.389340	0.763270	0.558860	0.444460	0.306220	nan
182	nan	0.558580	0.661510	0.631310	0.520540	0.456640	0.656470	0.765830	0.484650	0.389340	0.763270	0.558860	0.444460	0.306220	nan
231	nan	0.558580	0.661510	0.631310	0.520540	0.456640	0.656470	0.765830	0.484650	0.389340	0.763270	0.558860	0.444460	0.306220	nan
649	nan	0.558580	0.661510	0.631310	0.520540	0.456640	0.656470	0.765830	0.484650	0.389340	0.763270	0.558860	0.444460	0.306220	nan
79	nan	0.558580	0.661510	0.631310	0.520540	0.456640	0.656470	0.765830	0.484650	0.389340	0.763270	0.558860	0.444460	0.306220	nan
81	nan	0.558580	0.661510	0.631310	0.520540	0.456640	0.656470	0.765830	0.484650	0.389340	0.763270	0.558860	0.444460	0.306220	nan
418	nan	0.558580	0.661510	0.631310	0.520540	0.456640	0.656470	0.765830	0.484650	0.389340	0.763270	0.558860	0.444460	0.306220	nan
697	nan	0.558580	0.661510	0.631310	0.520540	0.456640	0.656470	0.765830	0.484650	0.389340	0.763270	0.558860	0.444460	0.306220	nan
196	nan	0.558580	0.661510	0.631310	0.520540	0.456640	0.656470	0.765830	0.484650	0.389340	0.763270	0.558860	0.444460	0.306220	nan
260	nan	0.558580	0.661510	0.631310	0.520540	0.456640	0.656470	0.765830	0.484650	0.389340	0.763270	0.558860	0.444460	0.306220	nan
137	nan	0.558580	0.661510	0.631310	0.520540	0.456640	0.656470	0.765830	0.484650	0.389340	0.763270	0.558860	0.444460	0.306220	nan
384	nan	nan	0.579730	0.507190	0.659260	0.639830	0.554180	0.410350	0.557640	0.762220	0.600000	0.619320	0.696950	0.611380	nan
121	nan	nan	0.579730	0.507190	0.659260	0.639830	0.554180	0.410350	0.557640	0.762220	0.600000	0.619320	0.696950	0.611380	nan
153	nan	nan	0.579730	0.507190	0.659260	0.639830	0.554180	0.410350	0.557640	0.762220	0.600000	0.619320	0.696950	0.611380	nan
385	nan	0.416950	0.355540	0.423030	0.525990	0.599840	0.596080	0.425980	0.697320	0.586490	0.611850	0.098840	0.309770	0.777920	nan
315	nan	0.416950	0.355540	0.423030	0.525990	0.599840	0.596080	0.425980	0.697320	0.586490	0.611850	0.098840	0.309770	0.777920	nan
131	nan	0.416950	0.355540	0.423030	0.525990	0.599840	0.596080	0.425980	0.697320	0.586490	0.611850	0.098840	0.309770	0.777920	nan
789	nan	0.416950	0.355540	0.423030	0.525990	0.599840	0.596080	0.425980	0.697320	0.586490	0.611850	0.098840	0.309770	0.777920	nan
507	nan	0.416950	0.355540	0.423030	0.525990	0.599840	0.596080	0.425980	0.697320	0.586490	0.611850	0.098840	0.309770	0.777920	nan
253	nan	0.416950	0.355540	0.423030	0.525990	0.599840	0.596080	0.425980	0.697320	0.586490	0.611850	0.098840	0.309770	0.777920	nan
704	nan	0.513260	0.429860	nan	nan	0.741580	0.545050	0.751470	0.735160	0.790300	nan	0.563400	0.553540	0.372450	nan
194	nan	0.513260	0.429860	nan	nan	0.741580	0.545050	0.751470	0.735160	0.790300	nan	0.563400	0.553540	0.372450	nan
165	nan	0.513260	0.429860	nan	nan	0.741580	0.545050	0.751470	0.735160	0.790300	nan	0.563400	0.553540	0.372450	nan
745	nan	0.513260	0.429860	nan	nan	0.741580	0.545050	0.751470	0.735160	0.790300	nan	0.563400	0.553540	0.372450	nan
458	nan	0.513260	0.429860	nan	nan	0.741580	0.545050	0.751470	0.735160	0.790300	nan	0.563400	0.553540	0.372450	nan
298	nan	0.513260	0.429860	nan	nan	0.741580	0.545050	0.751470	0.735160	0.790300	nan	0.563400	0.553540	0.372450	nan
466	nan	0.513260	0.429860	nan	nan	0.741580	0.545050	0.751470	0.735160	0.790300	nan	0.563400	0.553540	0.372450	nan
247	nan	0.513260	0.429860	nan	nan	0.741580	0.545050	0.751470	0.735160	0.790300	nan	0.563400	0.553540	0.372450	nan
176	nan	0.629090	0.165590	0.824430	0.603710	0.643540	nan	0.807340	nan	nan	0.577760	nan	0.894430	nan	nan
775	nan	0.629090	0.165590	0.824430	0.603710	0.643540	nan	0.807340	nan	nan	0.577760	nan	0.894430	nan	nan
209	nan	0.513260	0.429860	nan	nan	0.741580	0.545050	0.751470	0.735160	0.790300	nan	0.563400	0.553540	0.372450	nan
618	nan	nan	0.663090	nan	0.905300	0.701330	0.751130	nan	0.246440	nan	nan	0.563400	0.553540	0.372450	nan
444	nan	0.257090	0.579730	0.507190	0.659260	0.639830	0.554180	0.410350	0.557640	0.762220	0.600000	0.619320	0.696950	0.611380	nan
215	nan	0.257090	0.579730	0.507190	0.659260	0.639830	0.554180	0.410350	0.557640	0.762220	0.600000	0.619320	0.696950	0.611380	nan
521	nan	0.610270	0.674570	0.742790	0.797940	0.343780	0.566140	0.409390	0.330300	0.576030	nan	0.268160	0.643600	0.331470	nan
290	nan	0.610270	0.674570	0.742790	0.797940	0.343780	0.566140	0.409390	0.330300	0.576030	nan	0.268160	0.643600	0.331470	nan
452	nan	0.610270	0.674570	0.742790	0.797940	0.343780	0.566140	0.409390	0.330300	0.576030	nan	0.268160	0.643600	0.331470	nan
436	nan	0.610270	0.674570	0.742790	0.797940	0.343780	0.566140	0.409390	0.330300	0.576030	nan	0.268160	0.643600	0.331470	nan
516	nan	nan	nan	nan	nan	0.343780	0.566140	0.409390	0.330300	0.576030	nan	0.268160	0.643600	0.331470	nan
301	nan	nan	nan	nan	nan	0.343780	0.566140	0.409390	0.330300	0.576030	nan	0.268160	0.643600	0.331470	nan
686	nan	nan	nan	nan	nan	0.343780	0.566140	0.409390	0.330300	0.576030	nan	0.268160	0.643600	0.331470	nan
741	nan	0.629090	0.165590	0.824430	0.603710	0.643540	nan	0.807340	nan	nan	0.577760	nan	0.894430	nan	nan
428	nan	0.257090	0.579730	0.507190	0.659260	0.639830	0.554180	0.410350	0.557640	0.762220	0.600000	0.619320	0.696950	0.611380	nan
718	nan	0.257090	0.579730	0.507190	0.659260	0.639830	0.554180	0.410350	0.557640	0.762220	0.600000	0.619320	0.696950	0.611380	nan
526	nan	0.629090	0.165590	0.824430	0.603710	0.643540	nan	0.807340	nan	nan	0.577760	nan	0.894430	nan	nan
723	nan	0.257090	0.579730	0.507190	0.659260	0.639830	0.554180	0.410350	0.557640	0.762220	0.600000	0.619320	0.696950	0.611380	nan
564	nan	0.257090	0.579730	0.507190	0.659260	0.639830	0.554180	0.410350	0.557640	0.762220	0.600000	0.619320	0.696950	0.611380	nan
435	nan	0.629090	0.165590	0.824430	0.603710	0.643540	nan	0.807340	nan	nan	0.577760	nan	0.894430	nan	nan
383	nan	nan	0.579730	0.507190	0.659260	0.639830	0.554180	0.410350	0.557640	0.762220	0.600000	0.619320	0.696950	0.611380	nan
488	nan	0.610270	0.674570	0.742790	0.797940	0.343780	0.566140	0.409390	0.330300	0.576030	nan	0.268160	0.643600	0.331470	nan
754	nan	0.610270	0.674570	0.742790	0.797940	0.343780	0.566140	0.409390	0.330300	0.576030	nan	0.268160	0.643600	0.331470	nan
640	nan	0.558580	0.661510	0.631310	0.520540	0.456640	0.656470	0.765830	0.484650	0.389340	0.763270	0.558860	0.444460	0.306220	nan
532	nan	0.558580	0.661510	0.631310	0.520540	0.456640	0.656470	0.765830	0.484650	0.389340	0.763270	0.558860	0.444460	0.306220	nan
262	nan	0.629090	0.165590	0.824430	0.603710	0.643540	nan	0.807340	nan	nan	0.577760	nan	0.894430	nan	nan
708	nan	0.257090	0.579730	0.507190	0.659260	0.639830	0.554180	0.410350	0.557640	0.762220	0.600000	0.619320	0.696950	0.611380	nan
1	nan	0.590160	0.345130	0.555640	nan	0.580940	nan	0.654670	0.453330	0.359650	0.715630	0.435340	0.260630	nan	0.451470
585	nan	0.663530	0.625360	0.427900	0.525280	0.469170	0.682930	0.818920	0.500120	0.504220	0.678010	0.435340	0.260630	nan	0.451470
78	nan	0.663530	0.625360	0.427900	0.525280	0.469170	0.682930	0.818920	0.500120	0.504220	0.678010	0.435340	0.260630	nan	0.451470
143	nan	nan	0.345130	0.555640	nan	0.580940	nan	0.654670	0.453330	0.359650	0.715630	0.435340	0.260630	nan	0.451470
148	nan	0.663530	0.625360	0.427900	0.525280	0.469170	0.682930	0.818920	0.500120	0.504220	0.678010	0.435340	0.260630	nan	0.451470
724	nan	0.663530	0.625360	0.427900	0.525280	0.469170	0.682930	0.818920	0.500120	0.504220	0.678010	0.435340	0.260630	nan	0.451470
725	nan	0.590160	0.345130	0.555640	nan	0.580940	nan	0.654670	0.453330	0.359650	0.715630	0.435340	0.260630	nan	0.451470
407	nan	0.590160	0.345130	0.555640	nan	0.580940	nan	0.654670	0.453330	0.359650	0.715630	0.435340	0.260630	nan	0.451470
214	nan	nan	0.345130	0.555640	nan	0.580940	nan	0.654670	0.453330	0.359650	0.715630	0.435340	0.260630	nan	0.451470
212	nan	0.663530	0.625360	0.427900	0.525280	0.469170	0.682930	0.818920	0.500120	0.504220	0.678010	0.435340	0.260630	nan	0.451470
345	nan	0.590160	0.345130	0.555640	nan	0.580940	nan	0.654670	0.453330	0.359650	0.715630	0.435340	0.260630	nan	0.451470
348	nan	nan	0.625360	0.427900	0.525280	0.469170	0.682930	0.818920	0.500120	0.504220	0.678010	0.435340	0.260630	nan	0.451470
605	nan	0.663530	0.625360	0.427900	0.525280	0.469170	0.682930	0.818920	0.500120	0.504220	0.678010	0.435340	0.260630	nan	0.451470
354	nan	nan	0.345130	0.555640	nan	0.580940	nan	0.654670	0.453330	0.359650	0.715630	0.435340	0.260630	nan	0.451470
185	nan	0.663530	0.625360	0.427900	0.525280	0.469170	0.682930	0.818920	0.500120	0.504220	0.678010	0.435340	0.260630	nan	0.451470
227	nan	nan	0.625360	0.427900	0.525280	0.469170	0.682930	0.818920	0.500120	0.504220	0.678010	0.435340	0.260630	nan	0.451470
677	nan	nan	0.345130	0.555640	nan	0.580940	nan	0.654670	0.453330	0.359650	0.715630	0.435340	0.260630	nan	0.451470
684	nan	0.663530	0.625360	0.427900	0.525280	0.469170	0.682930	0.818920	0.500120	0.504220	0.678010	0.435340	0.260630	nan	0.451470
496	nan	0.590160	0.345130	0.555640	nan	0.580940	nan	0.654670	0.453330	0.359650	0.715630	0.435340	0.260630	nan	0.451470
501	nan	0.590160	0.345130	0.555640	nan	0.580940	nan	0.654670	0.453330	0.359650	0.715630	0.435340	0.260630	nan	0.451470
118	nan	0.663530	0.625360	0.427900	0.525280	0.469170	0.682930	0.818920	0.500120	0.504220	0.678010	0.435340	0.260630	nan	0.451470
567	nan	0.590160	0.345130	0.555640	nan	0.580940	nan	0.654670	0.453330	0.359650	0.715630	0.435340	0.260630	nan	0.451470
761	nan	0.663530	0.625360	0.427900	0.525280	0.469170	0.682930	0.818920	0.500120	0.504220	0.678010	0.435340	0.260630	nan	0.451470
569	nan	0.663530	0.625360	0.427900	0.525280	0.469170	0.682930	0.818920	0.500120	0.504220	0.678010	0.435340	0.260630	nan	0.451470
379	nan	0.590160	0.345130	0.555640	nan	0.580940	nan	0.654670	0.453330	0.359650	0.715630	0.435340	0.260630	nan	0.451470
509	nan	0.590160	0.345130	0.555640	nan	0.580940	nan	0.654670	0.453330	0.359650	0.715630	0.435340	0.260630	nan	0.451470
191	nan	0.663530	0.625360	0.427900	0.525280	0.469170	0.682930	0.818920	0.500120	0.504220	0.678010	0.435340	0.260630	nan	0.451470
644	nan	0.535880	nan	0.475650	0.741600	0.388530	0.409780	0.510720	0.550850	0.534160	0.524510	0.350410	0.805820	nan	0.518270
388	nan	0.535880	nan	0.475650	0.741600	0.388530	0.409780	0.510720	0.550850	0.534160	0.524510	0.350410	0.805820	nan	0.518270
6	nan	nan	0.603510	0.525830	0.440380	0.311920	0.424120	0.575840	0.470150	0.527520	0.593030	0.481820	0.481720	nan	0.518270
68	nan	0.696020	0.603510	0.525830	0.440380	0.311920	0.424120	0.575840	0.470150	0.527520	0.593030	0.481820	0.481720	nan	0.518270
456	nan	0.696020	0.603510	0.525830	0.440380	0.311920	0.424120	0.575840	0.470150	0.527520	0.593030	0.481820	0.481720	nan	0.518270
650	nan	0.696020	0.603510	0.525830	0.440380	0.311920	0.424120	0.575840	0.470150	0.527520	0.593030	0.481820	0.481720	nan	0.518270
717	nan	nan	0.603510	0.525830	0.440380	0.311920	0.424120	0.575840	0.470150	0.527520	0.593030	0.481820	0.481720	nan	0.518270
272	nan	0.696020	0.603510	0.525830	0.440380	0.311920	0.424120	0.575840	0.470150	0.527520	0.593030	0.481820	0.481720	nan	0.518270
722	nan	0.535880	nan	0.475650	0.741600	0.388530	0.409780	0.510720	0.550850	0.534160	0.524510	0.350410	0.805820	nan	0.518270
598	nan	0.535880	nan	0.475650	0.741600	0.388530	0.409780	0.510720	0.550850	0.534160	0.524510	0.350410	0.805820	nan	0.518270
794	nan	nan	0.603510	0.525830	0.440380	0.311920	0.424120	0.575840	0.470150	0.527520	0.593030	0.481820	0.481720	nan	0.518270
27	nan	0.535880	nan	0.475650	0.741600	0.388530	0.409780	0.510720	0.550850	0.534160	0.524510	0.350410	0.805820	nan	0.518270
540	nan	0.696020	0.603510	0.525830	0.440380	0.311920	0.424120	0.575840	0.470150	0.527520	0.593030	0.481820	0.481720	nan	0.518270
29	nan	0.696020	0.603510	0.525830	0.440380	0.311920	0.424120	0.575840	0.470150	0.527520	0.593030	0.481820	0.481720	nan	0.518270
798	nan	nan	0.603510	0.525830	0.440380	0.311920	0.424120	0.575840	0.470150	0.527520	0.593030	0.481820	0.481720	nan	0.518270
415	nan	0.535880	nan	0.475650	0.741600	0.388530	0.409780	0.510720	0.550850	0.534160	0.524510	0.350410	0.805820	nan	0.518270
294	nan	0.696020	0.603510	0.525830	0.440380	0.311920	0.424120	0.575840	0.470150	0.527520	0.593030	0.481820	0.481720	nan	0.518270
422	nan	nan	0.603510	0.525830	0.440380	0.311920	0.424120	0.575840	0.470150	0.527520	0.593030	0.481820	0.481720	nan	0.518270
743	nan	0.535880	nan	0.475650	0.741600	0.388530	0.409780	0.510720	0.550850	0.534160	0.524510	0.350410	0.805820	nan	0.518270
427	nan	nan	0.603510	0.525830	0.440380	0.311920	0.424120	0.575840	0.470150	0.527520	0.593030	0.481820	0.481720	nan	0.518270
747	nan	nan	0.603510	0.525830	0.440380	0.311920	0.424120	0.575840	0.470150	0.527520	0.593030	0.481820	0.481720	nan	0.518270
173	nan	nan	0.603510	0.525830	0.440380	0.311920	0.424120	0.575840	0.470150	0.527520	0.593030	0.481820	0.481720	nan	0.518270
303	nan	nan	0.603510	0.525830	0.440380	0.311920	0.424120	0.575840	0.470150	0.527520	0.593030	0.481820	0.481720	nan	0.518270
559	nan	0.535880	nan	0.475650	0.741600	0.388530	0.409780	0.510720	0.550850	0.534160	0.524510	0.350410	0.805820	nan	0.518270
370	nan	0.535880	nan	0.475650	0.741600	0.388530	0.409780	0.510720	0.550850	0.534160	0.524510	0.350410	0.805820	nan	0.518270
115	nan	nan	0.603510	0.525830	0.440380	0.311920	0.424120	0.575840	0.470150	0.527520	0.593030	0.481820	0.481720	nan	0.518270
500	nan	0.696020	0.603510	0.525830	0.440380	0.311920	0.424120	0.575840	0.470150	0.527520	0.593030	0.481820	0.481720	nan	0.518270
503	nan	nan	0.603510	0.525830	0.440380	0.311920	0.424120	0.575840	0.470150	0.527520	0.593030	0.481820	0.481720	nan	0.518270
700	nan	nan	0.603510	0.525830	0.440380	0.311920	0.424120	0.575840	0.470150	0.527520	0.593030	0.481820	0.481720	nan	0.518270
445	nan	nan	0.603510	0.525830	0.440380	0.311920	0.424120	0.575840	0.470150	0.527520	0.593030	0.481820	0.481720	nan	0.518270
126	nan	0.535880	nan	0.475650	0.741600	0.388530	0.409780	0.510720	0.550850	0.534160	0.524510	0.350410	0.805820	nan	0.518270
707	nan	nan	nan	0.699870	nan	0.285730	0.361750	0.453940	0.370960	0.176420	0.354560	0.250600	0.445780	0.305830	0.404800
132	nan	0.284280	0.594970	0.408090	nan	0.285730	0.361750	0.453940	0.370960	0.176420	0.354560	0.250600	0.445780	0.305830	0.404800
518	nan	0.284280	0.594970	0.408090	nan	0.285730	0.361750	0.453940	0.370960	0.176420	0.354560	0.250600	0.445780	0.305830	0.404800
135	nan	0.284280	0.594970	0.408090	nan	0.285730	0.361750	0.453940	0.370960	0.176420	0.354560	0.250600	0.445780	0.305830	0.404800
710	nan	nan	nan	0.699870	nan	0.285730	0.361750	0.453940	0.370960	0.176420	0.354560	0.250600	0.445780	0.305830	0.404800
9	nan	0.284280	0.594970	0.408090	nan	0.285730	0.361750	0.453940	0.370960	0.176420	0.354560	0.250600	0.445780	0.305830	0.404800
328	nan	0.284280	0.594970	0.408090	nan	0.285730	0.361750	0.453940	0.370960	0.176420	0.354560	0.250600	0.445780	0.305830	0.404800
525	nan	0.284280	0.594970	0.408090	nan	0.285730	0.361750	0.453940	0.370960	0.176420	0.354560	0.250600	0.445780	0.305830	0.404800
726	nan	0.284280	0.594970	0.408090	nan	0.285730	0.361750	0.453940	0.370960	0.176420	0.354560	0.250600	0.445780	0.305830	0.404800
151	nan	nan	nan	0.699870	nan	0.285730	0.361750	0.453940	0.370960	0.176420	0.354560	0.250600	0.445780	0.305830	0.404800
471	nan	0.284280	0.594970	0.408090	nan	0.285730	0.361750	0.453940	0.370960	0.176420	0.354560	0.250600	0.445780	0.305830	0.404800
409	nan	0.284280	0.594970	0.408090	nan	0.285730	0.361750	0.453940	0.370960	0.176420	0.354560	0.250600	0.445780	0.305830	0.404800
88	nan	nan	nan	0.699870	nan	0.285730	0.361750	0.453940	0.370960	0.176420	0.354560	0.250600	0.445780	0.305830	0.404800
351	nan	nan	nan	0.699870	nan	0.285730	0.361750	0.453940	0.370960	0.176420	0.354560	0.250600	0.445780	0.305830	0.404800
675	nan	0.284280	0.594970	0.408090	nan	0.285730	0.361750	0.453940	0.370960	0.176420	0.354560	0.250600	0.445780	0.305830	0.404800
228	nan	0.284280	0.594970	0.408090	nan	0.285730	0.361750	0.453940	0.370960	0.176420	0.354560	0.250600	0.445780	0.305830	0.404800
39	nan	0.284280	0.594970	0.408090	nan	0.285730	0.361750	0.453940	0.370960	0.176420	0.354560	0.250600	0.445780	0.305830	0.404800
489	nan	0.284280	0.594970	0.408090	nan	0.285730	0.361750	0.453940	0.370960	0.176420	0.354560	0.250600	0.445780	0.305830	0.404800
491	nan	nan	nan	0.699870	nan	0.285730	0.361750	0.453940	0.370960	0.176420	0.354560	0.250600	0.445780	0.305830	0.404800
44	nan	0.284280	0.594970	0.408090	nan	0.285730	0.361750	0.453940	0.370960	0.176420	0.354560	0.250600	0.445780	0.305830	0.404800
494	nan	nan	nan	0.699870	nan	0.285730	0.361750	0.453940	0.370960	0.176420	0.354560	0.250600	0.445780	0.305830	0.404800
112	nan	0.284280	0.594970	0.408090	nan	0.285730	0.361750	0.453940	0.370960	0.176420	0.354560	0.250600	0.445780	0.305830	0.404800
54	nan	0.284280	0.594970	0.408090	nan	0.285730	0.361750	0.453940	0.370960	0.176420	0.354560	0.250600	0.445780	0.305830	0.404800
316	nan	0.284280	0.594970	0.408090	nan	0.285730	0.361750	0.453940	0.370960	0.176420	0.354560	0.250600	0.445780	0.305830	0.404800
322	nan	0.549850	0.651500	0.237890	nan	0.567380	0.322170	0.510330	0.393380	0.428150	0.390880	0.285220	0.538590	0.423100	0.318520
643	nan	0.516690	0.443480	0.827970	nan	0.567380	0.322170	0.510330	0.393380	0.428150	0.390880	0.285220	0.538590	0.423100	0.318520
517	nan	0.516690	0.443480	0.827970	nan	0.567380	0.322170	0.510330	0.393380	0.428150	0.390880	0.285220	0.538590	0.423100	0.318520
327	nan	0.549850	0.651500	0.237890	nan	0.567380	0.322170	0.510330	0.393380	0.428150	0.390880	0.285220	0.538590	0.423100	0.318520
141	nan	0.549850	0.651500	0.237890	nan	0.567380	0.322170	0.510330	0.393380	0.428150	0.390880	0.285220	0.538590	0.423100	0.318520
655	nan	0.549850	0.651500	0.237890	nan	0.567380	0.322170	0.510330	0.393380	0.428150	0.390880	0.285220	0.538590	0.423100	0.318520
659	nan	0.516690	0.443480	0.827970	nan	0.567380	0.322170	0.510330	0.393380	0.428150	0.390880	0.285220	0.538590	0.423100	0.318520
660	nan	0.516690	0.443480	0.827970	nan	0.567380	0.322170	0.510330	0.393380	0.428150	0.390880	0.285220	0.538590	0.423100	0.318520
85	nan	0.549850	0.651500	0.237890	nan	0.567380	0.322170	0.510330	0.393380	0.428150	0.390880	0.285220	0.538590	0.423100	0.318520
213	nan	0.549850	0.651500	0.237890	nan	0.567380	0.322170	0.510330	0.393380	0.428150	0.390880	0.285220	0.538590	0.423100	0.318520
728	nan	0.549850	0.651500	0.237890	nan	0.567380	0.322170	0.510330	0.393380	0.428150	0.390880	0.285220	0.538590	0.423100	0.318520
344	nan	0.549850	0.651500	0.237890	nan	0.567380	0.322170	0.510330	0.393380	0.428150	0.390880	0.285220	0.538590	0.423100	0.318520
218	nan	0.516690	0.443480	0.827970	nan	0.567380	0.322170	0.510330	0.393380	0.428150	0.390880	0.285220	0.538590	0.423100	0.318520
729	nan	0.516690	0.443480	0.827970	nan	0.567380	0.322170	0.510330	0.393380	0.428150	0.390880	0.285220	0.538590	0.423100	0.318520
480	nan	0.549850	0.651500	0.237890	nan	0.567380	0.322170	0.510330	0.393380	0.428150	0.390880	0.285220	0.538590	0.423100	0.318520
613	nan	0.549850	0.651500	0.237890	nan	0.567380	0.322170	0.510330	0.393380	0.428150	0.390880	0.285220	0.538590	0.423100	0.318520
423	nan	0.549850	0.651500	0.237890	nan	0.567380	0.322170	0.510330	0.393380	0.428150	0.390880	0.285220	0.538590	0.423100	0.318520
41	nan	0.549850	0.651500	0.237890	nan	0.567380	0.322170	0.510330	0.393380	0.428150	0.390880	0.285220	0.538590	0.423100	0.318520
174	nan	0.516690	0.443480	0.827970	nan	0.567380	0.322170	0.510330	0.393380	0.428150	0.390880	0.285220	0.538590	0.423100	0.318520
52	nan	0.549850	0.651500	0.237890	nan	0.567380	0.322170	0.510330	0.393380	0.428150	0.390880	0.285220	0.538590	0.423100	0.318520
117	nan	0.549850	0.651500	0.237890	nan	0.567380	0.322170	0.510330	0.393380	0.428150	0.390880	0.285220	0.538590	0.423100	0.318520
375	nan	0.516690	0.443480	0.827970	nan	0.567380	0.322170	0.510330	0.393380	0.428150	0.390880	0.285220	0.538590	0.423100	0.318520
314	nan	0.516690	0.443480	0.827970	nan	0.567380	0.322170	0.510330	0.393380	0.428150	0.390880	0.285220	0.538590	0.423100	0.318520
124	nan	0.549850	0.651500	0.237890	nan	0.567380	0.322170	0.510330	0.393380	0.428150	0.390880	0.285220	0.538590	0.423100	0.318520
189	nan	0.549850	0.651500	0.237890	nan	0.567380	0.322170	0.510330	0.393380	0.428150	0.390880	0.285220	0.538590	0.423100	0.318520
64	nan	0.574290	nan	0.287300	0.389140	0.383020	0.297590	0.324680	0.336390	0.339800	0.218150	0.431240	0.269210	0.431330	0.466630
641	nan	0.574290	nan	0.287300	0.389140	0.383020	0.297590	0.324680	0.336390	0.339800	0.218150	0.431240	0.269210	0.431330	0.466630
193	nan	nan	nan	nan	nan	nan	0.297590	0.324680	0.336390	0.339800	0.218150	0.431240	0.269210	0.431330	0.466630
451	nan	0.667890	0.627000	0.896750	0.389140	0.383020	0.297590	0.324680	0.336390	0.339800	0.218150	0.431240	0.269210	0.431330	0.466630
453	nan	0.667890	0.627000	0.896750	0.389140	0.383020	0.297590	0.324680	0.336390	0.339800	0.218150	0.431240	0.269210	0.431330	0.466630
520	nan	0.667890	0.627000	0.896750	0.389140	0.383020	0.297590	0.324680	0.336390	0.339800	0.218150	0.431240	0.269210	0.431330	0.466630
393	nan	0.574290	nan	0.287300	0.389140	0.383020	0.297590	0.324680	0.336390	0.339800	0.218150	0.431240	0.269210	0.431330	0.466630
588	nan	0.667890	0.627000	0.896750	0.389140	0.383020	0.297590	0.324680	0.336390	0.339800	0.218150	0.431240	0.269210	0.431330	0.466630
76	nan	0.667890	0.627000	0.896750	0.389140	0.383020	0.297590	0.324680	0.336390	0.339800	0.218150	0.431240	0.269210	0.431330	0.466630
339	nan	0.574290	nan	0.287300	0.389140	0.383020	0.297590	0.324680	0.336390	0.339800	0.218150	0.431240	0.269210	0.431330	0.466630
211	nan	0.574290	nan	0.287300	0.389140	0.383020	0.297590	0.324680	0.336390	0.339800	0.218150	0.431240	0.269210	0.431330	0.466630
216	nan	nan	nan	nan	nan	nan	0.297590	0.324680	0.336390	0.339800	0.218150	0.431240	0.269210	0.431330	0.466630
219	nan	0.574290	nan	0.287300	0.389140	0.383020	0.297590	0.324680	0.336390	0.339800	0.218150	0.431240	0.269210	0.431330	0.466630
156	nan	nan	nan	nan	nan	nan	0.297590	0.324680	0.336390	0.339800	0.218150	0.431240	0.269210	0.431330	0.466630
548	nan	nan	nan	nan	nan	nan	0.297590	0.324680	0.336390	0.339800	0.218150	0.431240	0.269210	0.431330	0.466630
615	nan	0.574290	nan	0.287300	0.389140	0.383020	0.297590	0.324680	0.336390	0.339800	0.218150	0.431240	0.269210	0.431330	0.466630
170	nan	0.667890	0.627000	0.896750	0.389140	0.383020	0.297590	0.324680	0.336390	0.339800	0.218150	0.431240	0.269210	0.431330	0.466630
237	nan	nan	nan	nan	nan	nan	0.297590	0.324680	0.336390	0.339800	0.218150	0.431240	0.269210	0.431330	0.466630
757	nan	0.574290	nan	0.287300	0.389140	0.383020	0.297590	0.324680	0.336390	0.339800	0.218150	0.431240	0.269210	0.431330	0.466630
759	nan	0.667890	0.627000	0.896750	0.389140	0.383020	0.297590	0.324680	0.336390	0.339800	0.218150	0.431240	0.269210	0.431330	0.466630
251	nan	0.667890	0.627000	0.896750	0.389140	0.383020	0.297590	0.324680	0.336390	0.339800	0.218150	0.431240	0.269210	0.431330	0.466630
763	nan	0.574290	nan	0.287300	0.389140	0.383020	0.297590	0.324680	0.336390	0.339800	0.218150	0.431240	0.269210	0.431330	0.466630
2	nan	nan	0.627520	nan	0.445350	nan	0.492090	0.298440	0.383060	0.393760	0.347830	0.579430	nan	0.502270	0.439860
270	nan	nan	0.627520	nan	0.445350	nan	0.492090	0.298440	0.383060	0.393760	0.347830	0.579430	nan	0.502270	0.439860
405	nan	nan	0.627520	nan	0.445350	nan	0.492090	0.298440	0.383060	0.393760	0.347830	0.579430	nan	0.502270	0.439860
280	nan	nan	0.627520	nan	0.445350	nan	0.492090	0.298440	0.383060	0.393760	0.347830	0.579430	nan	0.502270	0.439860
412	nan	0.737150	0.525940	nan	0.445350	nan	0.492090	0.298440	0.383060	0.393760	0.347830	0.579430	nan	0.502270	0.439860
287	nan	nan	0.627520	nan	0.445350	nan	0.492090	0.298440	0.383060	0.393760	0.347830	0.579430	nan	0.502270	0.439860
169	nan	nan	0.627520	nan	0.445350	nan	0.492090	0.298440	0.383060	0.393760	0.347830	0.579430	nan	0.502270	0.439860
188	nan	nan	0.627520	nan	0.445350	nan	0.492090	0.298440	0.383060	0.393760	0.347830	0.579430	nan	0.502270	0.439860
574	nan	nan	0.627520	nan	0.445350	nan	0.492090	0.298440	0.383060	0.393760	0.347830	0.579430	nan	0.502270	0.439860
582	nan	nan	0.627520	nan	0.445350	nan	0.492090	0.298440	0.383060	0.393760	0.347830	0.579430	nan	0.502270	0.439860
205	nan	0.737150	0.525940	nan	0.445350	nan	0.492090	0.298440	0.383060	0.393760	0.347830	0.579430	nan	0.502270	0.439860
463	nan	0.737150	0.525940	nan	0.445350	nan	0.492090	0.298440	0.383060	0.393760	0.347830	0.579430	nan	0.502270	0.439860
465	nan	0.737150	0.525940	nan	0.445350	nan	0.492090	0.298440	0.383060	0.393760	0.347830	0.579430	nan	0.502270	0.439860
340	nan	0.737150	0.525940	nan	0.445350	nan	0.492090	0.298440	0.383060	0.393760	0.347830	0.579430	nan	0.502270	0.439860
597	nan	nan	0.627520	nan	0.445350	nan	0.492090	0.298440	0.383060	0.393760	0.347830	0.579430	nan	0.502270	0.439860
343	nan	0.737150	0.525940	nan	0.445350	nan	0.492090	0.298440	0.383060	0.393760	0.347830	0.579430	nan	0.502270	0.439860
92	nan	nan	0.627520	nan	0.445350	nan	0.492090	0.298440	0.383060	0.393760	0.347830	0.579430	nan	0.502270	0.439860
733	nan	nan	0.627520	nan	0.445350	nan	0.492090	0.298440	0.383060	0.393760	0.347830	0.579430	nan	0.502270	0.439860
607	nan	0.737150	0.525940	nan	0.445350	nan	0.492090	0.298440	0.383060	0.393760	0.347830	0.579430	nan	0.502270	0.439860
109	nan	nan	0.627520	nan	0.445350	nan	0.492090	0.298440	0.383060	0.393760	0.347830	0.579430	nan	0.502270	0.439860
627	nan	nan	0.627520	nan	0.445350	nan	0.492090	0.298440	0.383060	0.393760	0.347830	0.579430	nan	0.502270	0.439860
372	nan	nan	0.627520	nan	0.445350	nan	0.492090	0.298440	0.383060	0.393760	0.347830	0.579430	nan	0.502270	0.439860
249	nan	nan	0.627520	nan	0.445350	nan	0.492090	0.298440	0.383060	0.393760	0.347830	0.579430	nan	0.502270	0.439860
672	nan	0.685740	0.868710	0.381180	0.319340	0.469530	0.787030	0.528630	0.480840	0.676260	nan	0.493730	0.628890	0.378580	0.743390
226	nan	0.685740	0.868710	0.381180	0.319340	0.469530	0.787030	0.528630	0.480840	0.676260	nan	0.493730	0.628890	0.378580	0.743390
3	nan	nan	nan	0.753250	0.267760	0.444230	0.726770	0.528630	0.480840	0.676260	nan	0.493730	0.628890	0.378580	0.743390
295	nan	nan	nan	0.753250	0.267760	0.444230	0.726770	0.528630	0.480840	0.676260	nan	0.493730	0.628890	0.378580	0.743390
168	nan	nan	nan	0.753250	0.267760	0.444230	0.726770	0.528630	0.480840	0.676260	nan	0.493730	0.628890	0.378580	0.743390
361	nan	nan	nan	0.753250	0.267760	0.444230	0.726770	0.528630	0.480840	0.676260	nan	0.493730	0.628890	0.378580	0.743390
392	nan	nan	nan	0.753250	0.267760	0.444230	0.726770	0.528630	0.480840	0.676260	nan	0.493730	0.628890	0.378580	0.743390
651	nan	0.685740	0.868710	0.381180	0.319340	0.469530	0.787030	0.528630	0.480840	0.676260	nan	0.493730	0.628890	0.378580	0.743390
492	nan	nan	nan	0.753250	0.267760	0.444230	0.726770	0.528630	0.480840	0.676260	nan	0.493730	0.628890	0.378580	0.743390
236	nan	nan	nan	0.753250	0.267760	0.444230	0.726770	0.528630	0.480840	0.676260	nan	0.493730	0.628890	0.378580	0.743390
558	nan	0.685740	0.868710	0.381180	0.319340	0.469530	0.787030	0.528630	0.480840	0.676260	nan	0.493730	0.628890	0.378580	0.743390
530	nan	nan	nan	0.753250	0.267760	0.444230	0.726770	0.528630	0.480840	0.676260	nan	0.493730	0.628890	0.378580	0.743390
563	nan	0.685740	0.868710	0.381180	0.319340	0.469530	0.787030	0.528630	0.480840	0.676260	nan	0.493730	0.628890	0.378580	0.743390
534	nan	0.685740	0.868710	0.381180	0.319340	0.469530	0.787030	0.528630	0.480840	0.676260	nan	0.493730	0.628890	0.378580	0.743390
734	nan	0.685740	0.868710	0.381180	0.319340	0.469530	0.787030	0.528630	0.480840	0.676260	nan	0.493730	0.628890	0.378580	0.743390
386	nan	nan	0.646060	0.613990	nan	nan	0.460900	0.649900	0.597130	0.451850	0.498660	0.541000	0.328190	0.488950	0.394800
515	nan	0.410300	nan	nan	nan	nan	0.460900	0.649900	0.597130	0.451850	0.498660	0.541000	0.328190	0.488950	0.394800
4	nan	0.353650	0.646060	0.613990	nan	nan	0.460900	0.649900	0.597130	0.451850	0.498660	0.541000	0.328190	0.488950	0.394800
263	nan	0.410300	nan	nan	nan	nan	0.460900	0.649900	0.597130	0.451850	0.498660	0.541000	0.328190	0.488950	0.394800
529	nan	0.353650	0.646060	0.613990	nan	nan	0.460900	0.649900	0.597130	0.451850	0.498660	0.541000	0.328190	0.488950	0.394800
23	nan	0.410300	nan	nan	nan	nan	0.460900	0.649900	0.597130	0.451850	0.498660	0.541000	0.328190	0.488950	0.394800
33	nan	0.410300	nan	nan	nan	nan	0.460900	0.649900	0.597130	0.451850	0.498660	0.541000	0.328190	0.488950	0.394800
38	nan	0.353650	0.646060	0.613990	nan	nan	0.460900	0.649900	0.597130	0.451850	0.498660	0.541000	0.328190	0.488950	0.394800
429	nan	0.353650	0.646060	0.613990	nan	nan	0.460900	0.649900	0.597130	0.451850	0.498660	0.541000	0.328190	0.488950	0.394800
437	nan	0.353650	0.646060	0.613990	nan	nan	0.460900	0.649900	0.597130	0.451850	0.498660	0.541000	0.328190	0.488950	0.394800
694	nan	0.410300	nan	nan	nan	nan	0.460900	0.649900	0.597130	0.451850	0.498660	0.541000	0.328190	0.488950	0.394800
705	nan	0.353650	0.646060	0.613990	nan	nan	0.460900	0.649900	0.597130	0.451850	0.498660	0.541000	0.328190	0.488950	0.394800
469	nan	0.353650	0.646060	0.613990	nan	nan	0.460900	0.649900	0.597130	0.451850	0.498660	0.541000	0.328190	0.488950	0.394800
342	nan	0.353650	0.646060	0.613990	nan	nan	0.460900	0.649900	0.597130	0.451850	0.498660	0.541000	0.328190	0.488950	0.394800
599	nan	0.353650	0.646060	0.613990	nan	nan	0.460900	0.649900	0.597130	0.451850	0.498660	0.541000	0.328190	0.488950	0.394800
221	nan	0.353650	0.646060	0.613990	nan	nan	0.460900	0.649900	0.597130	0.451850	0.498660	0.541000	0.328190	0.488950	0.394800
748	nan	nan	0.646060	0.613990	nan	nan	0.460900	0.649900	0.597130	0.451850	0.498660	0.541000	0.328190	0.488950	0.394800
632	nan	0.410300	nan	nan	nan	nan	0.460900	0.649900	0.597130	0.451850	0.498660	0.541000	0.328190	0.488950	0.394800
510	nan	nan	0.646060	0.613990	nan	nan	0.460900	0.649900	0.597130	0.451850	0.498660	0.541000	0.328190	0.488950	0.394800
768	nan	nan	0.371190	nan	0.593960	0.544580	0.497180	0.628910	0.537390	0.683090	0.538400	0.587910	0.614670	0.385620	0.481260
450	nan	nan	0.804190	0.911270	0.593960	0.544580	0.497180	0.628910	0.537390	0.683090	0.538400	0.587910	0.614670	0.385620	0.481260
355	nan	nan	0.804190	0.911270	0.593960	0.544580	0.497180	0.628910	0.537390	0.683090	0.538400	0.587910	0.614670	0.385620	0.481260
195	nan	nan	0.371190	nan	0.593960	0.544580	0.497180	0.628910	0.537390	0.683090	0.538400	0.587910	0.614670	0.385620	0.481260
261	nan	nan	0.804190	0.911270	0.593960	0.544580	0.497180	0.628910	0.537390	0.683090	0.538400	0.587910	0.614670	0.385620	0.481260
325	nan	nan	0.804190	0.911270	0.593960	0.544580	0.497180	0.628910	0.537390	0.683090	0.538400	0.587910	0.614670	0.385620	0.481260
5	nan	nan	0.371190	nan	0.593960	0.544580	0.497180	0.628910	0.537390	0.683090	0.538400	0.587910	0.614670	0.385620	0.481260
229	nan	nan	0.371190	nan	0.593960	0.544580	0.497180	0.628910	0.537390	0.683090	0.538400	0.587910	0.614670	0.385620	0.481260
586	nan	nan	0.371190	nan	0.593960	0.544580	0.497180	0.628910	0.537390	0.683090	0.538400	0.587910	0.614670	0.385620	0.481260
45	nan	nan	0.804190	0.911270	0.593960	0.544580	0.497180	0.628910	0.537390	0.683090	0.538400	0.587910	0.614670	0.385620	0.481260
781	nan	nan	0.804190	0.911270	0.593960	0.544580	0.497180	0.628910	0.537390	0.683090	0.538400	0.587910	0.614670	0.385620	0.481260
527	nan	nan	0.804190	0.911270	0.593960	0.544580	0.497180	0.628910	0.537390	0.683090	0.538400	0.587910	0.614670	0.385620	0.481260
595	nan	nan	0.371190	nan	0.593960	0.544580	0.497180	0.628910	0.537390	0.683090	0.538400	0.587910	0.614670	0.385620	0.481260
755	nan	nan	0.371190	nan	0.593960	0.544580	0.497180	0.628910	0.537390	0.683090	0.538400	0.587910	0.614670	0.385620	0.481260
668	nan	nan	0.371190	nan	0.593960	0.544580	0.497180	0.628910	0.537390	0.683090	0.538400	0.587910	0.614670	0.385620	0.481260
477	nan	nan	0.371190	nan	0.593960	0.544580	0.497180	0.628910	0.537390	0.683090	0.538400	0.587910	0.614670	0.385620	0.481260
413	nan	nan	0.371190	nan	0.593960	0.544580	0.497180	0.628910	0.537390	0.683090	0.538400	0.587910	0.614670	0.385620	0.481260
319	nan	nan	0.371190	nan	0.593960	0.544580	0.497180	0.628910	0.537390	0.683090	0.538400	0.587910	0.614670	0.385620	0.481260
420	nan	0.671980	0.489250	0.482260	0.437440	0.365280	0.520090	nan	0.873520	0.848420	0.775500	0.532650	0.389530	0.547830	0.418240
646	nan	0.671980	0.489250	0.482260	0.437440	0.365280	0.520090	nan	0.873520	0.848420	0.775500	0.532650	0.389530	0.547830	0.418240
166	nan	0.671980	0.489250	0.482260	0.437440	0.365280	0.520090	nan	0.873520	0.848420	0.775500	0.532650	0.389530	0.547830	0.418240
8	nan	0.671980	0.489250	0.482260	0.437440	0.365280	0.520090	nan	0.873520	0.848420	0.775500	0.532650	0.389530	0.547830	0.418240
681	nan	0.671980	0.489250	0.482260	0.437440	0.365280	0.520090	nan	0.873520	0.848420	0.775500	0.532650	0.389530	0.547830	0.418240
362	nan	0.671980	0.489250	0.482260	0.437440	0.365280	0.520090	nan	0.873520	0.848420	0.775500	0.532650	0.389530	0.547830	0.418240
139	nan	0.671980	0.489250	0.482260	0.437440	0.365280	0.520090	nan	0.873520	0.848420	0.775500	0.532650	0.389530	0.547830	0.418240
486	nan	0.671980	0.489250	0.482260	0.437440	0.365280	0.520090	nan	0.873520	0.848420	0.775500	0.532650	0.389530	0.547830	0.418240
493	nan	0.671980	0.489250	0.482260	0.437440	0.365280	0.520090	nan	0.873520	0.848420	0.775500	0.532650	0.389530	0.547830	0.418240
499	nan	0.671980	0.489250	0.482260	0.437440	0.365280	0.520090	nan	0.873520	0.848420	0.775500	0.532650	0.389530	0.547830	0.418240
468	nan	0.671980	0.489250	0.482260	0.437440	0.365280	0.520090	nan	0.873520	0.848420	0.775500	0.532650	0.389530	0.547830	0.418240
793	nan	0.671980	0.489250	0.482260	0.437440	0.365280	0.520090	nan	0.873520	0.848420	0.775500	0.532650	0.389530	0.547830	0.418240
93	nan	0.671980	0.489250	0.482260	0.437440	0.365280	0.520090	nan	0.873520	0.848420	0.775500	0.532650	0.389530	0.547830	0.418240
321	nan	0.566140	0.326650	0.725470	0.457290	0.616790	0.415350	0.470940	0.801060	0.357320	0.597550	0.154610	0.404980	nan	0.648120
292	nan	0.503710	0.746530	0.844650	0.457290	0.616790	0.415350	0.470940	0.801060	0.357320	0.597550	0.154610	0.404980	nan	0.648120
329	nan	0.566140	0.326650	0.725470	0.457290	0.616790	0.415350	0.470940	0.801060	0.357320	0.597550	0.154610	0.404980	nan	0.648120
10	nan	0.566140	0.326650	0.725470	0.457290	0.616790	0.415350	0.470940	0.801060	0.357320	0.597550	0.154610	0.404980	nan	0.648120
780	nan	0.503710	0.746530	0.844650	0.457290	0.616790	0.415350	0.470940	0.801060	0.357320	0.597550	0.154610	0.404980	nan	0.648120
685	nan	0.503710	0.746530	0.844650	0.457290	0.616790	0.415350	0.470940	0.801060	0.357320	0.597550	0.154610	0.404980	nan	0.648120
396	nan	0.566140	0.326650	0.725470	0.457290	0.616790	0.415350	0.470940	0.801060	0.357320	0.597550	0.154610	0.404980	nan	0.648120
460	nan	0.566140	0.326650	0.725470	0.457290	0.616790	0.415350	0.470940	0.801060	0.357320	0.597550	0.154610	0.404980	nan	0.648120
336	nan	0.503710	0.746530	0.844650	0.457290	0.616790	0.415350	0.470940	0.801060	0.357320	0.597550	0.154610	0.404980	nan	0.648120
208	nan	0.566140	0.326650	0.725470	0.457290	0.616790	0.415350	0.470940	0.801060	0.357320	0.597550	0.154610	0.404980	nan	0.648120
434	nan	0.503710	0.746530	0.844650	0.457290	0.616790	0.415350	0.470940	0.801060	0.357320	0.597550	0.154610	0.404980	nan	0.648120
658	nan	0.503710	0.746530	0.844650	0.457290	0.616790	0.415350	0.470940	0.801060	0.357320	0.597550	0.154610	0.404980	nan	0.648120
350	nan	0.566140	0.326650	0.725470	0.457290	0.616790	0.415350	0.470940	0.801060	0.357320	0.597550	0.154610	0.404980	nan	0.648120
608	nan	nan	0.438450	nan	0.387590	0.662300	0.348610	0.260710	0.422360	0.432170	0.669690	nan	0.666670	0.492790	0.600620
162	nan	nan	0.438450	nan	0.387590	0.662300	0.348610	0.260710	0.422360	0.432170	0.669690	nan	0.666670	0.492790	0.600620
163	nan	nan	0.438450	nan	0.387590	0.662300	0.348610	0.260710	0.422360	0.432170	0.669690	nan	0.666670	0.492790	0.600620
484	nan	0.637700	0.438450	nan	0.387590	0.662300	0.348610	0.260710	0.422360	0.432170	0.669690	nan	0.666670	0.492790	0.600620
773	nan	nan	0.438450	nan	0.387590	0.662300	0.348610	0.260710	0.422360	0.432170	0.669690	nan	0.666670	0.492790	0.600620
71	nan	nan	0.438450	nan	0.387590	0.662300	0.348610	0.260710	0.422360	0.432170	0.669690	nan	0.666670	0.492790	0.600620
727	nan	0.637700	0.438450	nan	0.387590	0.662300	0.348610	0.260710	0.422360	0.432170	0.669690	nan	0.666670	0.492790	0.600620
11	nan	0.637700	0.438450	nan	0.387590	0.662300	0.348610	0.260710	0.422360	0.432170	0.669690	nan	0.666670	0.492790	0.600620
524	nan	nan	0.438450	nan	0.387590	0.662300	0.348610	0.260710	0.422360	0.432170	0.669690	nan	0.666670	0.492790	0.600620
269	nan	0.637700	0.438450	nan	0.387590	0.662300	0.348610	0.260710	0.422360	0.432170	0.669690	nan	0.666670	0.492790	0.600620
364	nan	0.637700	0.438450	nan	0.387590	0.662300	0.348610	0.260710	0.422360	0.432170	0.669690	nan	0.666670	0.492790	0.600620
75	nan	0.637700	0.438450	nan	0.387590	0.662300	0.348610	0.260710	0.422360	0.432170	0.669690	nan	0.666670	0.492790	0.600620
693	nan	nan	0.438450	nan	0.387590	0.662300	0.348610	0.260710	0.422360	0.432170	0.669690	nan	0.666670	0.492790	0.600620
373	nan	nan	0.438450	nan	0.387590	0.662300	0.348610	0.260710	0.422360	0.432170	0.669690	nan	0.666670	0.492790	0.600620
341	nan	0.637700	0.438450	nan	0.387590	0.662300	0.348610	0.260710	0.422360	0.432170	0.669690	nan	0.666670	0.492790	0.600620
122	nan	0.637700	0.438450	nan	0.387590	0.662300	0.348610	0.260710	0.422360	0.432170	0.669690	nan	0.666670	0.492790	0.600620
155	nan	nan	0.438450	nan	0.387590	0.662300	0.348610	0.260710	0.422360	0.432170	0.669690	nan	0.666670	0.492790	0.600620
766	nan	0.637700	0.438450	nan	0.387590	0.662300	0.348610	0.260710	0.422360	0.432170	0.669690	nan	0.666670	0.492790	0.600620
265	nan	nan	0.729540	0.388220	0.571830	0.127790	0.294510	0.381320	0.498500	0.545430	nan	0.382710	0.648280	0.529290	0.719080
12	nan	0.714900	nan	0.388220	0.571830	0.127790	0.294510	0.381320	0.498500	0.545430	nan	0.382710	0.648280	0.529290	0.719080
654	nan	0.714900	nan	0.388220	0.571830	0.127790	0.294510	0.381320	0.498500	0.545430	nan	0.382710	0.648280	0.529290	0.719080
656	nan	nan	0.729540	0.388220	0.571830	0.127790	0.294510	0.381320	0.498500	0.545430	nan	0.382710	0.648280	0.529290	0.719080
786	nan	nan	0.729540	0.388220	0.571830	0.127790	0.294510	0.381320	0.498500	0.545430	nan	0.382710	0.648280	0.529290	0.719080
662	nan	nan	0.729540	0.388220	0.571830	0.127790	0.294510	0.381320	0.498500	0.545430	nan	0.382710	0.648280	0.529290	0.719080
411	nan	nan	0.729540	0.388220	0.571830	0.127790	0.294510	0.381320	0.498500	0.545430	nan	0.382710	0.648280	0.529290	0.719080
676	nan	nan	0.729540	0.388220	0.571830	0.127790	0.294510	0.381320	0.498500	0.545430	nan	0.382710	0.648280	0.529290	0.719080
421	nan	0.714900	nan	0.388220	0.571830	0.127790	0.294510	0.381320	0.498500	0.545430	nan	0.382710	0.648280	0.529290	0.719080
297	nan	nan	0.729540	0.388220	0.571830	0.127790	0.294510	0.381320	0.498500	0.545430	nan	0.382710	0.648280	0.529290	0.719080
430	nan	nan	0.729540	0.388220	0.571830	0.127790	0.294510	0.381320	0.498500	0.545430	nan	0.382710	0.648280	0.529290	0.719080
175	nan	nan	0.729540	0.388220	0.571830	0.127790	0.294510	0.381320	0.498500	0.545430	nan	0.382710	0.648280	0.529290	0.719080
82	nan	nan	0.729540	0.388220	0.571830	0.127790	0.294510	0.381320	0.498500	0.545430	nan	0.382710	0.648280	0.529290	0.719080
217	nan	nan	0.729540	0.388220	0.571830	0.127790	0.294510	0.381320	0.498500	0.545430	nan	0.382710	0.648280	0.529290	0.719080
474	nan	0.714900	nan	0.388220	0.571830	0.127790	0.294510	0.381320	0.498500	0.545430	nan	0.382710	0.648280	0.529290	0.719080
619	nan	nan	0.729540	0.388220	0.571830	0.127790	0.294510	0.381320	0.498500	0.545430	nan	0.382710	0.648280	0.529290	0.719080
751	nan	0.714900	nan	0.388220	0.571830	0.127790	0.294510	0.381320	0.498500	0.545430	nan	0.382710	0.648280	0.529290	0.719080
497	nan	0.714900	nan	0.388220	0.571830	0.127790	0.294510	0.381320	0.498500	0.545430	nan	0.382710	0.648280	0.529290	0.719080
635	nan	nan	0.729540	0.388220	0.571830	0.127790	0.294510	0.381320	0.498500	0.545430	nan	0.382710	0.648280	0.529290	0.719080
645	nan	nan	nan	nan	0.714150	nan	0.742860	nan	0.684910	nan	0.712900	0.445210	0.539060	nan	0.641590
647	nan	nan	nan	nan	0.714150	nan	0.742860	nan	0.684910	nan	0.712900	0.445210	0.539060	nan	0.641590
523	nan	0.335140	0.721870	0.672780	0.629630	0.312150	0.861610	0.759660	0.556990	nan	0.712900	0.445210	0.539060	nan	0.641590
13	nan	nan	nan	nan	0.714150	nan	0.742860	nan	0.684910	nan	0.712900	0.445210	0.539060	nan	0.641590
273	nan	nan	nan	nan	0.714150	nan	0.742860	nan	0.684910	nan	0.712900	0.445210	0.539060	nan	0.641590
663	nan	nan	0.721870	0.672780	0.629630	0.312150	0.861610	0.759660	0.556990	nan	0.712900	0.445210	0.539060	nan	0.641590
414	nan	nan	nan	nan	0.714150	nan	0.742860	nan	0.684910	nan	0.712900	0.445210	0.539060	nan	0.641590
678	nan	0.335140	0.721870	0.672780	0.629630	0.312150	0.861610	0.759660	0.556990	nan	0.712900	0.445210	0.539060	nan	0.641590
49	nan	nan	nan	nan	0.714150	nan	0.742860	nan	0.684910	nan	0.712900	0.445210	0.539060	nan	0.641590
306	nan	nan	nan	nan	0.714150	nan	0.742860	nan	0.684910	nan	0.712900	0.445210	0.539060	nan	0.641590
184	nan	0.335140	0.721870	0.672780	0.629630	0.312150	0.861610	0.759660	0.556990	nan	0.712900	0.445210	0.539060	nan	0.641590
701	nan	0.335140	0.721870	0.672780	0.629630	0.312150	0.861610	0.759660	0.556990	nan	0.712900	0.445210	0.539060	nan	0.641590
63	nan	nan	nan	nan	0.714150	nan	0.742860	nan	0.684910	nan	0.712900	0.445210	0.539060	nan	0.641590
69	nan	nan	0.721870	0.672780	0.629630	0.312150	0.861610	0.759660	0.556990	nan	0.712900	0.445210	0.539060	nan	0.641590
99	nan	nan	0.721870	0.672780	0.629630	0.312150	0.861610	0.759660	0.556990	nan	0.712900	0.445210	0.539060	nan	0.641590
611	nan	nan	nan	nan	0.714150	nan	0.742860	nan	0.684910	nan	0.712900	0.445210	0.539060	nan	0.641590
504	nan	nan	0.721870	0.672780	0.629630	0.312150	0.861610	0.759660	0.556990	nan	0.712900	0.445210	0.539060	nan	0.641590
762	nan	0.335140	0.721870	0.672780	0.629630	0.312150	0.861610	0.759660	0.556990	nan	0.712900	0.445210	0.539060	nan	0.641590
764	nan	0.335140	0.721870	0.672780	0.629630	0.312150	0.861610	0.759660	0.556990	nan	0.712900	0.445210	0.539060	nan	0.641590
482	nan	nan	0.531660	nan	nan	0.663990	0.402210	0.444460	nan	0.400750	0.581630	0.810630	0.585650	0.702640	0.468420
739	nan	0.752120	0.424280	0.613060	nan	0.663990	0.402210	0.444460	nan	0.400750	0.581630	0.810630	0.585650	0.702640	0.468420
100	nan	nan	0.531660	nan	nan	0.663990	0.402210	0.444460	nan	0.400750	0.581630	0.810630	0.585650	0.702640	0.468420
478	nan	0.752120	0.424280	0.613060	nan	0.663990	0.402210	0.444460	nan	0.400750	0.581630	0.810630	0.585650	0.702640	0.468420
546	nan	nan	0.531660	nan	nan	0.663990	0.402210	0.444460	nan	0.400750	0.581630	0.810630	0.585650	0.702640	0.468420
74	nan	nan	0.531660	nan	nan	0.663990	0.402210	0.444460	nan	0.400750	0.581630	0.810630	0.585650	0.702640	0.468420
459	nan	nan	0.531660	nan	nan	0.663990	0.402210	0.444460	nan	0.400750	0.581630	0.810630	0.585650	0.702640	0.468420
47	nan	0.752120	0.424280	0.613060	nan	0.663990	0.402210	0.444460	nan	0.400750	0.581630	0.810630	0.585650	0.702640	0.468420
16	nan	0.752120	0.424280	0.613060	nan	0.663990	0.402210	0.444460	nan	0.400750	0.581630	0.810630	0.585650	0.702640	0.468420
402	nan	nan	0.531660	nan	nan	0.663990	0.402210	0.444460	nan	0.400750	0.581630	0.810630	0.585650	0.702640	0.468420
244	nan	nan	nan	0.613060	nan	0.663990	0.402210	0.444460	nan	0.400750	0.581630	0.810630	0.585650	0.702640	0.468420
502	nan	0.752120	0.424280	0.613060	nan	0.663990	0.402210	0.444460	nan	0.400750	0.581630	0.810630	0.585650	0.702640	0.468420
94	nan	0.752120	0.424280	0.613060	nan	0.663990	0.402210	0.444460	nan	0.400750	0.581630	0.810630	0.585650	0.702640	0.468420
539	nan	0.752120	0.424280	0.613060	nan	0.663990	0.402210	0.444460	nan	0.400750	0.581630	0.810630	0.585650	0.702640	0.468420
572	nan	nan	nan	0.613060	nan	0.663990	0.402210	0.444460	nan	0.400750	0.581630	0.810630	0.585650	0.702640	0.468420
318	nan	nan	nan	0.613060	nan	0.663990	0.402210	0.444460	nan	0.400750	0.581630	0.810630	0.585650	0.702640	0.468420
286	nan	nan	nan	0.613060	nan	0.663990	0.402210	0.444460	nan	0.400750	0.581630	0.810630	0.585650	0.702640	0.468420
578	nan	0.448310	0.523170	0.536070	0.590330	0.407130	0.730640	0.491090	0.546030	0.448520	0.466360	0.463380	0.555640	0.519630	0.403950
363	nan	0.448310	0.523170	0.536070	0.590330	0.407130	0.730640	0.491090	0.546030	0.448520	0.466360	0.463380	0.555640	0.519630	0.403950
17	nan	0.448310	0.523170	0.536070	0.590330	0.407130	0.730640	0.491090	0.546030	0.448520	0.466360	0.463380	0.555640	0.519630	0.403950
307	nan	0.448310	0.523170	0.536070	0.590330	0.407130	0.730640	0.491090	0.546030	0.448520	0.466360	0.463380	0.555640	0.519630	0.403950
53	nan	0.448310	0.523170	0.536070	0.590330	0.407130	0.730640	0.491090	0.546030	0.448520	0.466360	0.463380	0.555640	0.519630	0.403950
630	nan	0.448310	0.523170	0.536070	0.590330	0.407130	0.730640	0.491090	0.546030	0.448520	0.466360	0.463380	0.555640	0.519630	0.403950
470	nan	0.448310	0.523170	0.536070	0.590330	0.407130	0.730640	0.491090	0.546030	0.448520	0.466360	0.463380	0.555640	0.519630	0.403950
56	nan	0.448310	0.523170	0.536070	0.590330	0.407130	0.730640	0.491090	0.546030	0.448520	0.466360	0.463380	0.555640	0.519630	0.403950
790	nan	0.448310	0.523170	0.536070	0.590330	0.407130	0.730640	0.491090	0.546030	0.448520	0.466360	0.463380	0.555640	0.519630	0.403950
475	nan	0.448310	0.523170	0.536070	0.590330	0.407130	0.730640	0.491090	0.546030	0.448520	0.466360	0.463380	0.555640	0.519630	0.403950
125	nan	0.448310	0.523170	0.536070	0.590330	0.407130	0.730640	0.491090	0.546030	0.448520	0.466360	0.463380	0.555640	0.519630	0.403950
190	nan	0.448310	0.523170	0.536070	0.590330	0.407130	0.730640	0.491090	0.546030	0.448520	0.466360	0.463380	0.555640	0.519630	0.403950
67	nan	0.223720	0.694760	0.601100	0.594060	0.596970	0.482860	0.679370	0.312870	0.633170	0.501240	0.702390	0.591150	0.407520	0.332030
709	nan	0.223720	0.694760	0.601100	0.594060	0.596970	0.482860	0.679370	0.312870	0.633170	0.501240	0.702390	0.591150	0.407520	0.332030
106	nan	0.223720	0.694760	0.601100	0.594060	0.596970	0.482860	0.679370	0.312870	0.633170	0.501240	0.702390	0.591150	0.407520	0.332030
522	nan	nan	nan	0.601100	0.594060	0.596970	0.482860	0.679370	0.312870	0.633170	0.501240	0.702390	0.591150	0.407520	0.332030
557	nan	0.223720	0.694760	0.601100	0.594060	0.596970	0.482860	0.679370	0.312870	0.633170	0.501240	0.702390	0.591150	0.407520	0.332030
783	nan	nan	nan	0.601100	0.594060	0.596970	0.482860	0.679370	0.312870	0.633170	0.501240	0.702390	0.591150	0.407520	0.332030
657	nan	0.223720	0.694760	0.601100	0.594060	0.596970	0.482860	0.679370	0.312870	0.633170	0.501240	0.702390	0.591150	0.407520	0.332030
18	nan	0.223720	0.694760	0.601100	0.594060	0.596970	0.482860	0.679370	0.312870	0.633170	0.501240	0.702390	0.591150	0.407520	0.332030
113	nan	0.223720	0.694760	0.601100	0.594060	0.596970	0.482860	0.679370	0.312870	0.633170	0.501240	0.702390	0.591150	0.407520	0.332030
625	nan	nan	nan	0.601100	0.594060	0.596970	0.482860	0.679370	0.312870	0.633170	0.501240	0.702390	0.591150	0.407520	0.332030
760	nan	0.223720	0.694760	0.601100	0.594060	0.596970	0.482860	0.679370	0.312870	0.633170	0.501240	0.702390	0.591150	0.407520	0.332030
89	nan	0.223720	0.694760	0.601100	0.594060	0.596970	0.482860	0.679370	0.312870	0.633170	0.501240	0.702390	0.591150	0.407520	0.332030
187	nan	0.223720	0.694760	0.601100	0.594060	0.596970	0.482860	0.679370	0.312870	0.633170	0.501240	0.702390	0.591150	0.407520	0.332030
349	nan	0.223720	0.694760	0.601100	0.594060	0.596970	0.482860	0.679370	0.312870	0.633170	0.501240	0.702390	0.591150	0.407520	0.332030
702	nan	nan	nan	0.601100	0.594060	0.596970	0.482860	0.679370	0.312870	0.633170	0.501240	0.702390	0.591150	0.407520	0.332030
133	nan	0.333500	0.650110	nan	0.368090	0.233090	0.548250	0.405370	nan	0.629550	0.670480	0.259430	0.428090	0.605160	0.765230
358	nan	0.333500	0.650110	nan	0.368090	0.233090	0.548250	0.405370	nan	0.629550	0.670480	0.259430	0.428090	0.605160	0.765230
167	nan	0.333500	0.650110	nan	0.368090	0.233090	0.548250	0.405370	nan	0.629550	0.670480	0.259430	0.428090	0.605160	0.765230
37	nan	0.333500	0.650110	nan	0.368090	0.233090	0.548250	0.405370	nan	0.629550	0.670480	0.259430	0.428090	0.605160	0.765230
172	nan	0.333500	0.650110	nan	0.368090	0.233090	0.548250	0.405370	nan	0.629550	0.670480	0.259430	0.428090	0.605160	0.765230
238	nan	0.333500	0.650110	nan	0.368090	0.233090	0.548250	0.405370	nan	0.629550	0.670480	0.259430	0.428090	0.605160	0.765230
19	nan	0.333500	0.650110	nan	0.368090	0.233090	0.548250	0.405370	nan	0.629550	0.670480	0.259430	0.428090	0.605160	0.765230
179	nan	0.333500	0.650110	nan	0.368090	0.233090	0.548250	0.405370	nan	0.629550	0.670480	0.259430	0.428090	0.605160	0.765230
149	nan	0.333500	0.650110	nan	0.368090	0.233090	0.548250	0.405370	nan	0.629550	0.670480	0.259430	0.428090	0.605160	0.765230
787	nan	0.333500	0.650110	nan	0.368090	0.233090	0.548250	0.405370	nan	0.629550	0.670480	0.259430	0.428090	0.605160	0.765230
664	nan	0.333500	0.650110	nan	0.368090	0.233090	0.548250	0.405370	nan	0.629550	0.670480	0.259430	0.428090	0.605160	0.765230
698	nan	0.333500	0.650110	nan	0.368090	0.233090	0.548250	0.405370	nan	0.629550	0.670480	0.259430	0.428090	0.605160	0.765230
543	nan	0.333500	0.650110	nan	0.368090	0.233090	0.548250	0.405370	nan	0.629550	0.670480	0.259430	0.428090	0.605160	0.765230
65	nan	0.729940	0.461430	0.623100	0.574540	0.589190	0.676380	0.309180	0.270330	0.420760	0.571420	0.508130	0.521310	0.702670	0.687150
769	nan	nan	nan	0.623100	0.574540	0.589190	0.676380	0.309180	0.270330	0.420760	0.571420	0.508130	0.521310	0.702670	0.687150
581	nan	nan	nan	0.623100	0.574540	0.589190	0.676380	0.309180	0.270330	0.420760	0.571420	0.508130	0.521310	0.702670	0.687150
776	nan	nan	nan	0.623100	0.574540	0.589190	0.676380	0.309180	0.270330	0.420760	0.571420	0.508130	0.521310	0.702670	0.687150
744	nan	nan	nan	0.623100	0.574540	0.589190	0.676380	0.309180	0.270330	0.420760	0.571420	0.508130	0.521310	0.702670	0.687150
267	nan	0.729940	0.461430	0.623100	0.574540	0.589190	0.676380	0.309180	0.270330	0.420760	0.571420	0.508130	0.521310	0.702670	0.687150
368	nan	0.729940	0.461430	0.623100	0.574540	0.589190	0.676380	0.309180	0.270330	0.420760	0.571420	0.508130	0.521310	0.702670	0.687150
20	nan	nan	nan	0.623100	0.574540	0.589190	0.676380	0.309180	0.270330	0.420760	0.571420	0.508130	0.521310	0.702670	0.687150
277	nan	nan	nan	0.623100	0.574540	0.589190	0.676380	0.309180	0.270330	0.420760	0.571420	0.508130	0.521310	0.702670	0.687150
628	nan	0.729940	0.461430	0.623100	0.574540	0.589190	0.676380	0.309180	0.270330	0.420760	0.571420	0.508130	0.521310	0.702670	0.687150
565	nan	0.729940	0.461430	0.623100	0.574540	0.589190	0.676380	0.309180	0.270330	0.420760	0.571420	0.508130	0.521310	0.702670	0.687150
377	nan	0.729940	0.461430	0.623100	0.574540	0.589190	0.676380	0.309180	0.270330	0.420760	0.571420	0.508130	0.521310	0.702670	0.687150
26	nan	0.729940	0.461430	0.623100	0.574540	0.589190	0.676380	0.309180	0.270330	0.420760	0.571420	0.508130	0.521310	0.702670	0.687150
60	nan	nan	nan	0.623100	0.574540	0.589190	0.676380	0.309180	0.270330	0.420760	0.571420	0.508130	0.521310	0.702670	0.687150
736	nan	0.695100	0.661070	nan	0.755910	0.473750	0.660390	nan	0.658920	0.493450	0.613090	0.754320	0.447770	0.532140	0.504960
416	nan	0.695100	0.661070	nan	0.755910	0.473750	0.660390	nan	0.658920	0.493450	0.613090	0.754320	0.447770	0.532140	0.504960
642	nan	0.695100	0.661070	nan	0.755910	0.473750	0.660390	nan	0.658920	0.493450	0.613090	0.754320	0.447770	0.532140	0.504960
164	nan	0.695100	0.661070	nan	0.755910	0.473750	0.660390	nan	0.658920	0.493450	0.613090	0.754320	0.447770	0.532140	0.504960
713	nan	0.695100	0.661070	nan	0.755910	0.473750	0.660390	nan	0.658920	0.493450	0.613090	0.754320	0.447770	0.532140	0.504960
266	nan	0.695100	0.661070	nan	0.755910	0.473750	0.660390	nan	0.658920	0.493450	0.613090	0.754320	0.447770	0.532140	0.504960
401	nan	nan	nan	nan	0.755910	0.473750	0.660390	nan	0.658920	0.493450	0.613090	0.754320	0.447770	0.532140	0.504960
177	nan	nan	nan	nan	0.755910	0.473750	0.660390	nan	0.658920	0.493450	0.613090	0.754320	0.447770	0.532140	0.504960
146	nan	0.695100	0.661070	nan	0.755910	0.473750	0.660390	nan	0.658920	0.493450	0.613090	0.754320	0.447770	0.532140	0.504960
21	nan	0.695100	0.661070	nan	0.755910	0.473750	0.660390	nan	0.658920	0.493450	0.613090	0.754320	0.447770	0.532140	0.504960
406	nan	nan	nan	nan	0.755910	0.473750	0.660390	nan	0.658920	0.493450	0.613090	0.754320	0.447770	0.532140	0.504960
346	nan	0.695100	0.661070	nan	0.755910	0.473750	0.660390	nan	0.658920	0.493450	0.613090	0.754320	0.447770	0.532140	0.504960
512	nan	0.423530	0.634200	0.388820	0.553950	0.648910	0.523930	nan	0.377370	nan	0.436940	0.371060	0.549570	0.458000	0.361560
293	nan	0.423530	0.634200	0.388820	0.553950	0.648910	0.523930	nan	0.377370	nan	0.436940	0.371060	0.549570	0.458000	0.361560
40	nan	0.629090	0.165590	0.824430	0.603710	0.643540	nan	0.807340	nan	nan	0.436940	0.371060	0.549570	0.458000	0.361560
73	nan	0.423530	0.634200	0.388820	0.553950	0.648910	0.523930	nan	0.377370	nan	0.436940	0.371060	0.549570	0.458000	0.361560
797	nan	0.423530	0.634200	0.388820	0.553950	0.648910	0.523930	nan	0.377370	nan	0.436940	0.371060	0.549570	0.458000	0.361560
264	nan	0.423530	0.634200	0.388820	0.553950	0.648910	0.523930	nan	0.377370	nan	0.436940	0.371060	0.549570	0.458000	0.361560
48	nan	0.423530	0.634200	0.388820	0.553950	0.648910	0.523930	nan	0.377370	nan	0.436940	0.371060	0.549570	0.458000	0.361560
633	nan	0.423530	0.634200	0.388820	0.553950	0.648910	0.523930	nan	0.377370	nan	0.436940	0.371060	0.549570	0.458000	0.361560
467	nan	0.423530	0.634200	0.388820	0.553950	0.648910	0.523930	nan	0.377370	nan	0.436940	0.371060	0.549570	0.458000	0.361560
756	nan	0.629090	0.165590	0.824430	0.603710	0.643540	nan	0.807340	nan	nan	0.436940	0.371060	0.549570	0.458000	0.361560
533	nan	0.423530	0.634200	0.388820	0.553950	0.648910	0.523930	nan	0.377370	nan	0.436940	0.371060	0.549570	0.458000	0.361560
22	nan	0.423530	0.634200	0.388820	0.553950	0.648910	0.523930	nan	0.377370	nan	0.436940	0.371060	0.549570	0.458000	0.361560
438	nan	0.423530	0.634200	0.388820	0.553950	0.648910	0.523930	nan	0.377370	nan	0.436940	0.371060	0.549570	0.458000	0.361560
25	nan	0.629090	0.165590	0.824430	0.603710	0.643540	nan	0.807340	nan	nan	0.436940	0.371060	0.549570	0.458000	0.361560
317	nan	0.423530	0.634200	0.388820	0.553950	0.648910	0.523930	nan	0.377370	nan	0.436940	0.371060	0.549570	0.458000	0.361560
765	nan	0.423530	0.634200	0.388820	0.553950	0.648910	0.523930	nan	0.377370	nan	0.436940	0.371060	0.549570	0.458000	0.361560
159	nan	0.423530	0.634200	0.388820	0.553950	0.648910	0.523930	nan	0.377370	nan	0.436940	0.371060	0.549570	0.458000	0.361560
513	nan	nan	nan	0.478530	nan	0.551470	0.441420	0.410000	0.514520	0.478480	0.384230	nan	0.348870	nan	0.414470
771	nan	0.463070	0.470630	0.733760	nan	0.551470	0.441420	0.410000	0.514520	0.478480	0.384230	nan	0.348870	nan	0.414470
778	nan	0.463070	0.470630	0.733760	nan	0.551470	0.441420	0.410000	0.514520	0.478480	0.384230	nan	0.348870	nan	0.414470
274	nan	0.463070	0.470630	0.733760	nan	0.551470	0.441420	0.410000	0.514520	0.478480	0.384230	nan	0.348870	nan	0.414470
150	nan	nan	nan	0.478530	nan	0.551470	0.441420	0.410000	0.514520	0.478480	0.384230	nan	0.348870	nan	0.414470
536	nan	0.675120	nan	0.478530	nan	0.551470	0.441420	0.410000	0.514520	0.478480	0.384230	nan	0.348870	nan	0.414470
24	nan	0.675120	nan	0.478530	nan	0.551470	0.441420	0.410000	0.514520	0.478480	0.384230	nan	0.348870	nan	0.414470
666	nan	0.463070	0.470630	0.733760	nan	0.551470	0.441420	0.410000	0.514520	0.478480	0.384230	nan	0.348870	nan	0.414470
545	nan	0.463070	0.470630	0.733760	nan	0.551470	0.441420	0.410000	0.514520	0.478480	0.384230	nan	0.348870	nan	0.414470
674	nan	0.463070	0.470630	0.733760	nan	0.551470	0.441420	0.410000	0.514520	0.478480	0.384230	nan	0.348870	nan	0.414470
554	nan	0.463070	0.470630	0.733760	nan	0.551470	0.441420	0.410000	0.514520	0.478480	0.384230	nan	0.348870	nan	0.414470
433	nan	0.675120	nan	0.478530	nan	0.551470	0.441420	0.410000	0.514520	0.478480	0.384230	nan	0.348870	nan	0.414470
309	nan	nan	nan	0.478530	nan	0.551470	0.441420	0.410000	0.514520	0.478480	0.384230	nan	0.348870	nan	0.414470
441	nan	0.675120	nan	0.478530	nan	0.551470	0.441420	0.410000	0.514520	0.478480	0.384230	nan	0.348870	nan	0.414470
442	nan	0.463070	0.470630	0.733760	nan	0.551470	0.441420	0.410000	0.514520	0.478480	0.384230	nan	0.348870	nan	0.414470
454	nan	0.675120	nan	0.478530	nan	0.551470	0.441420	0.410000	0.514520	0.478480	0.384230	nan	0.348870	nan	0.414470
712	nan	0.675120	nan	0.478530	nan	0.551470	0.441420	0.410000	0.514520	0.478480	0.384230	nan	0.348870	nan	0.414470
357	nan	0.463070	0.470630	0.733760	nan	0.551470	0.441420	0.410000	0.514520	0.478480	0.384230	nan	0.348870	nan	0.414470
230	nan	0.463070	0.470630	0.733760	nan	0.551470	0.441420	0.410000	0.514520	0.478480	0.384230	nan	0.348870	nan	0.414470
753	nan	nan	nan	0.478530	nan	0.551470	0.441420	0.410000	0.514520	0.478480	0.384230	nan	0.348870	nan	0.414470
224	nan	0.564320	0.390480	0.754080	0.307400	nan	nan	0.633080	0.800310	0.723670	0.575800	0.466600	0.656150	0.503390	0.558970
577	nan	0.775130	0.826770	0.779730	0.858450	0.715570	0.784830	0.588800	0.877990	0.514090	0.575800	0.466600	0.656150	0.503390	0.558970
583	nan	0.564320	0.390480	0.754080	0.307400	nan	nan	0.633080	0.800310	0.723670	0.575800	0.466600	0.656150	0.503390	0.558970
72	nan	0.564320	0.390480	0.754080	0.307400	nan	nan	0.633080	0.800310	0.723670	0.575800	0.466600	0.656150	0.503390	0.558970
604	nan	0.564320	0.390480	0.754080	0.307400	nan	nan	0.633080	0.800310	0.723670	0.575800	0.466600	0.656150	0.503390	0.558970
462	nan	0.775130	0.826770	0.779730	0.858450	0.715570	0.784830	0.588800	0.877990	0.514090	0.575800	0.466600	0.656150	0.503390	0.558970
782	nan	0.564320	0.390480	0.754080	0.307400	nan	nan	0.633080	0.800310	0.723670	0.575800	0.466600	0.656150	0.503390	0.558970
144	nan	0.775130	0.826770	0.779730	0.858450	0.715570	0.784830	0.588800	0.877990	0.514090	0.575800	0.466600	0.656150	0.503390	0.558970
338	nan	0.564320	0.390480	0.754080	0.307400	nan	nan	0.633080	0.800310	0.723670	0.575800	0.466600	0.656150	0.503390	0.558970
692	nan	0.564320	0.390480	0.754080	0.307400	nan	nan	0.633080	0.800310	0.723670	0.575800	0.466600	0.656150	0.503390	0.558970
629	nan	0.775130	0.826770	0.779730	0.858450	0.715570	0.784830	0.588800	0.877990	0.514090	0.575800	0.466600	0.656150	0.503390	0.558970
601	nan	0.775130	0.826770	0.779730	0.858450	0.715570	0.784830	0.588800	0.877990	0.514090	0.575800	0.466600	0.656150	0.503390	0.558970
28	nan	0.564320	0.390480	0.754080	0.307400	nan	nan	0.633080	0.800310	0.723670	0.575800	0.466600	0.656150	0.503390	0.558970
61	nan	0.564320	0.390480	0.754080	0.307400	nan	nan	0.633080	0.800310	0.723670	0.575800	0.466600	0.656150	0.503390	0.558970
382	nan	0.775130	0.826770	0.779730	0.858450	0.715570	0.784830	0.588800	0.877990	0.514090	0.575800	0.466600	0.656150	0.503390	0.558970
767	nan	0.775130	0.826770	0.779730	0.858450	0.715570	0.784830	0.588800	0.877990	0.514090	0.575800	0.466600	0.656150	0.503390	0.558970
256	nan	0.556980	0.520780	0.797630	0.377850	0.813010	0.725520	0.481530	nan	0.652990	0.305640	0.513320	0.342450	0.404790	0.437690
387	nan	0.556980	0.520780	0.797630	0.377850	0.813010	0.725520	0.481530	nan	0.652990	0.305640	0.513320	0.342450	0.404790	0.437690
679	nan	0.802400	0.901890	0.675100	nan	nan	0.725520	0.481530	nan	0.652990	0.305640	0.513320	0.342450	0.404790	0.437690
617	nan	0.556980	0.520780	0.797630	0.377850	0.813010	0.725520	0.481530	nan	0.652990	0.305640	0.513320	0.342450	0.404790	0.437690
365	nan	0.556980	0.520780	0.797630	0.377850	0.813010	0.725520	0.481530	nan	0.652990	0.305640	0.513320	0.342450	0.404790	0.437690
495	nan	0.802400	0.901890	0.675100	nan	nan	0.725520	0.481530	nan	0.652990	0.305640	0.513320	0.342450	0.404790	0.437690
561	nan	0.802400	0.901890	0.675100	nan	nan	0.725520	0.481530	nan	0.652990	0.305640	0.513320	0.342450	0.404790	0.437690
594	nan	0.802400	0.901890	0.675100	nan	nan	0.725520	0.481530	nan	0.652990	0.305640	0.513320	0.342450	0.404790	0.437690
181	nan	0.556980	0.520780	0.797630	0.377850	0.813010	0.725520	0.481530	nan	0.652990	0.305640	0.513320	0.342450	0.404790	0.437690
86	nan	0.556980	0.520780	0.797630	0.377850	0.813010	0.725520	0.481530	nan	0.652990	0.305640	0.513320	0.342450	0.404790	0.437690
30	nan	0.802400	0.901890	0.675100	nan	nan	0.725520	0.481530	nan	0.652990	0.305640	0.513320	0.342450	0.404790	0.437690
792	nan	0.802400	0.901890	0.675100	nan	nan	0.725520	0.481530	nan	0.652990	0.305640	0.513320	0.342450	0.404790	0.437690
250	nan	0.556980	0.520780	0.797630	0.377850	0.813010	0.725520	0.481530	nan	0.652990	0.305640	0.513320	0.342450	0.404790	0.437690
220	nan	0.556980	0.520780	0.797630	0.377850	0.813010	0.725520	0.481530	nan	0.652990	0.305640	0.513320	0.342450	0.404790	0.437690
542	nan	0.556980	0.520780	0.797630	0.377850	0.813010	0.725520	0.481530	nan	0.652990	0.305640	0.513320	0.342450	0.404790	0.437690
255	nan	0.556980	0.520780	0.797630	0.377850	0.813010	0.725520	0.481530	nan	0.652990	0.305640	0.513320	0.342450	0.404790	0.437690
544	nan	0.745600	0.838270	0.310710	0.427240	0.609010	0.549070	0.591160	0.330870	0.296090	0.278650	0.520430	nan	0.688950	0.783400
742	nan	0.745600	0.838270	0.310710	0.427240	0.609010	0.549070	0.591160	0.330870	0.296090	0.278650	0.520430	nan	0.688950	0.783400
519	nan	0.745600	0.838270	0.310710	0.427240	0.609010	0.549070	0.591160	0.330870	0.296090	0.278650	0.520430	nan	0.688950	0.783400
614	nan	0.745600	0.838270	0.310710	0.427240	0.609010	0.549070	0.591160	0.330870	0.296090	0.278650	0.520430	nan	0.688950	0.783400
397	nan	0.745600	0.838270	0.310710	0.427240	0.609010	0.549070	0.591160	0.330870	0.296090	0.278650	0.520430	nan	0.688950	0.783400
302	nan	0.745600	0.838270	0.310710	0.427240	0.609010	0.549070	0.591160	0.330870	0.296090	0.278650	0.520430	nan	0.688950	0.783400
590	nan	0.745600	0.838270	0.310710	0.427240	0.609010	0.549070	0.591160	0.330870	0.296090	0.278650	0.520430	nan	0.688950	0.783400
720	nan	0.745600	0.838270	0.310710	0.427240	0.609010	0.549070	0.591160	0.330870	0.296090	0.278650	0.520430	nan	0.688950	0.783400
410	nan	0.745600	0.838270	0.310710	0.427240	0.609010	0.549070	0.591160	0.330870	0.296090	0.278650	0.520430	nan	0.688950	0.783400
443	nan	0.745600	0.838270	0.310710	0.427240	0.609010	0.549070	0.591160	0.330870	0.296090	0.278650	0.520430	nan	0.688950	0.783400
31	nan	0.745600	0.838270	0.310710	0.427240	0.609010	0.549070	0.591160	0.330870	0.296090	0.278650	0.520430	nan	0.688950	0.783400
32	nan	nan	0.624340	0.550420	nan	0.486010	0.575430	0.440460	0.351520	0.424520	0.527900	0.587590	0.563600	0.650900	0.458910
485	nan	0.594220	0.624340	0.550420	nan	0.486010	0.575430	0.440460	0.351520	0.424520	0.527900	0.587590	0.563600	0.650900	0.458910
103	nan	0.594220	0.624340	0.550420	nan	0.486010	0.575430	0.440460	0.351520	0.424520	0.527900	0.587590	0.563600	0.650900	0.458910
606	nan	0.594220	0.624340	0.550420	nan	0.486010	0.575430	0.440460	0.351520	0.424520	0.527900	0.587590	0.563600	0.650900	0.458910
490	nan	0.594220	0.624340	0.550420	nan	0.486010	0.575430	0.440460	0.351520	0.424520	0.527900	0.587590	0.563600	0.650900	0.458910
300	nan	nan	0.624340	0.550420	nan	0.486010	0.575430	0.440460	0.351520	0.424520	0.527900	0.587590	0.563600	0.650900	0.458910
142	nan	nan	0.624340	0.550420	nan	0.486010	0.575430	0.440460	0.351520	0.424520	0.527900	0.587590	0.563600	0.650900	0.458910
400	nan	nan	0.624340	0.550420	nan	0.486010	0.575430	0.440460	0.351520	0.424520	0.527900	0.587590	0.563600	0.650900	0.458910
721	nan	0.594220	0.624340	0.550420	nan	0.486010	0.575430	0.440460	0.351520	0.424520	0.527900	0.587590	0.563600	0.650900	0.458910
178	nan	nan	0.624340	0.550420	nan	0.486010	0.575430	0.440460	0.351520	0.424520	0.527900	0.587590	0.563600	0.650900	0.458910
243	nan	0.594220	0.624340	0.550420	nan	0.486010	0.575430	0.440460	0.351520	0.424520	0.527900	0.587590	0.563600	0.650900	0.458910
403	nan	0.594220	0.624340	0.550420	nan	0.486010	0.575430	0.440460	0.351520	0.424520	0.527900	0.587590	0.563600	0.650900	0.458910
537	nan	0.594220	0.624340	0.550420	nan	0.486010	0.575430	0.440460	0.351520	0.424520	0.527900	0.587590	0.563600	0.650900	0.458910
634	nan	0.594220	0.624340	0.550420	nan	0.486010	0.575430	0.440460	0.351520	0.424520	0.527900	0.587590	0.563600	0.650900	0.458910
670	nan	0.594220	0.624340	0.550420	nan	0.486010	0.575430	0.440460	0.351520	0.424520	0.527900	0.587590	0.563600	0.650900	0.458910
275	nan	nan	nan	nan	nan	nan	0.600810	nan	0.427580	0.511260	0.503590	0.496860	0.486520	0.581350	0.435440
404	nan	0.567130	0.508550	0.542870	0.714240	0.417460	0.600810	nan	0.427580	0.511260	0.503590	0.496860	0.486520	0.581350	0.435440
791	nan	0.567130	0.508550	0.542870	0.714240	0.417460	0.600810	nan	0.427580	0.511260	0.503590	0.496860	0.486520	0.581350	0.435440
408	nan	nan	nan	nan	nan	nan	0.600810	nan	0.427580	0.511260	0.503590	0.496860	0.486520	0.581350	0.435440
34	nan	0.567130	0.508550	0.542870	0.714240	0.417460	0.600810	nan	0.427580	0.511260	0.503590	0.496860	0.486520	0.581350	0.435440
680	nan	0.567130	0.508550	0.542870	0.714240	0.417460	0.600810	nan	0.427580	0.511260	0.503590	0.496860	0.486520	0.581350	0.435440
555	nan	0.567130	0.508550	0.542870	0.714240	0.417460	0.600810	nan	0.427580	0.511260	0.503590	0.496860	0.486520	0.581350	0.435440
43	nan	0.567130	0.508550	0.542870	0.714240	0.417460	0.600810	nan	0.427580	0.511260	0.503590	0.496860	0.486520	0.581350	0.435440
337	nan	0.567130	0.508550	0.542870	0.714240	0.417460	0.600810	nan	0.427580	0.511260	0.503590	0.496860	0.486520	0.581350	0.435440
731	nan	nan	nan	0.542870	0.714240	0.417460	0.600810	nan	0.427580	0.511260	0.503590	0.496860	0.486520	0.581350	0.435440
735	nan	0.567130	0.508550	0.542870	0.714240	0.417460	0.600810	nan	0.427580	0.511260	0.503590	0.496860	0.486520	0.581350	0.435440
97	nan	0.567130	0.508550	0.542870	0.714240	0.417460	0.600810	nan	0.427580	0.511260	0.503590	0.496860	0.486520	0.581350	0.435440
225	nan	0.567130	0.508550	0.542870	0.714240	0.417460	0.600810	nan	0.427580	0.511260	0.503590	0.496860	0.486520	0.581350	0.435440
740	nan	0.567130	0.508550	0.542870	0.714240	0.417460	0.600810	nan	0.427580	0.511260	0.503590	0.496860	0.486520	0.581350	0.435440
487	nan	0.567130	0.508550	0.542870	0.714240	0.417460	0.600810	nan	0.427580	0.511260	0.503590	0.496860	0.486520	0.581350	0.435440
235	nan	0.567130	0.508550	0.542870	0.714240	0.417460	0.600810	nan	0.427580	0.511260	0.503590	0.496860	0.486520	0.581350	0.435440
107	nan	0.567130	0.508550	0.542870	0.714240	0.417460	0.600810	nan	0.427580	0.511260	0.503590	0.496860	0.486520	0.581350	0.435440
622	nan	0.567130	0.508550	0.542870	0.714240	0.417460	0.600810	nan	0.427580	0.511260	0.503590	0.496860	0.486520	0.581350	0.435440
245	nan	0.567130	0.508550	0.542870	0.714240	0.417460	0.600810	nan	0.427580	0.511260	0.503590	0.496860	0.486520	0.581350	0.435440
380	nan	0.567130	0.508550	0.542870	0.714240	0.417460	0.600810	nan	0.427580	0.511260	0.503590	0.496860	0.486520	0.581350	0.435440
511	nan	0.567130	0.508550	0.542870	0.714240	0.417460	0.600810	nan	0.427580	0.511260	0.503590	0.496860	0.486520	0.581350	0.435440
288	nan	0.566960	0.566320	0.729500	0.195740	0.655730	0.441590	0.291460	0.492510	0.667620	0.404620	0.535330	0.405510	0.471480	0.472300
35	nan	nan	0.431580	0.503720	0.456880	0.844170	0.441590	0.291460	0.492510	0.667620	0.404620	0.535330	0.405510	0.471480	0.472300
356	nan	nan	0.566320	0.729500	0.195740	0.655730	0.441590	0.291460	0.492510	0.667620	0.404620	0.535330	0.405510	0.471480	0.472300
197	nan	nan	0.431580	0.503720	0.456880	0.844170	0.441590	0.291460	0.492510	0.667620	0.404620	0.535330	0.405510	0.471480	0.472300
483	nan	0.566960	0.566320	0.729500	0.195740	0.655730	0.441590	0.291460	0.492510	0.667620	0.404620	0.535330	0.405510	0.471480	0.472300
648	nan	nan	0.431580	0.503720	0.456880	0.844170	0.441590	0.291460	0.492510	0.667620	0.404620	0.535330	0.405510	0.471480	0.472300
457	nan	0.566960	0.566320	0.729500	0.195740	0.655730	0.441590	0.291460	0.492510	0.667620	0.404620	0.535330	0.405510	0.471480	0.472300
394	nan	0.566960	0.566320	0.729500	0.195740	0.655730	0.441590	0.291460	0.492510	0.667620	0.404620	0.535330	0.405510	0.471480	0.472300
715	nan	0.566960	0.566320	0.729500	0.195740	0.655730	0.441590	0.291460	0.492510	0.667620	0.404620	0.535330	0.405510	0.471480	0.472300
620	nan	0.566960	0.566320	0.729500	0.195740	0.655730	0.441590	0.291460	0.492510	0.667620	0.404620	0.535330	0.405510	0.471480	0.472300
332	nan	nan	0.566320	0.729500	0.195740	0.655730	0.441590	0.291460	0.492510	0.667620	0.404620	0.535330	0.405510	0.471480	0.472300
206	nan	nan	0.431580	0.503720	0.456880	0.844170	0.441590	0.291460	0.492510	0.667620	0.404620	0.535330	0.405510	0.471480	0.472300
575	nan	nan	0.431580	0.503720	0.456880	0.844170	0.441590	0.291460	0.492510	0.667620	0.404620	0.535330	0.405510	0.471480	0.472300
58	nan	nan	0.431580	0.503720	0.456880	0.844170	0.441590	0.291460	0.492510	0.667620	0.404620	0.535330	0.405510	0.471480	0.472300
283	nan	nan	0.431580	0.503720	0.456880	0.844170	0.441590	0.291460	0.492510	0.667620	0.404620	0.535330	0.405510	0.471480	0.472300
636	nan	nan	0.431580	0.503720	0.456880	0.844170	0.441590	0.291460	0.492510	0.667620	0.404620	0.535330	0.405510	0.471480	0.472300
95	nan	0.566960	0.566320	0.729500	0.195740	0.655730	0.441590	0.291460	0.492510	0.667620	0.404620	0.535330	0.405510	0.471480	0.472300
161	nan	0.639170	0.764610	nan	0.834590	0.774530	nan	0.823760	0.553640	0.592420	nan	0.476310	0.622170	0.698830	0.788540
66	nan	0.639170	0.764610	nan	0.834590	0.774530	nan	0.823760	0.553640	0.592420	nan	0.476310	0.622170	0.698830	0.788540
449	nan	0.646440	0.877520	0.433840	0.841600	0.420090	0.646440	0.553960	0.553640	0.592420	nan	0.476310	0.622170	0.698830	0.788540
36	nan	0.646440	0.877520	0.433840	0.841600	0.420090	0.646440	0.553960	0.553640	0.592420	nan	0.476310	0.622170	0.698830	0.788540
683	nan	0.646440	0.877520	0.433840	0.841600	0.420090	0.646440	0.553960	0.553640	0.592420	nan	0.476310	0.622170	0.698830	0.788540
560	nan	0.646440	0.877520	0.433840	0.841600	0.420090	0.646440	0.553960	0.553640	0.592420	nan	0.476310	0.622170	0.698830	0.788540
785	nan	0.639170	0.764610	nan	0.834590	0.774530	nan	0.823760	0.553640	0.592420	nan	0.476310	0.622170	0.698830	0.788540
689	nan	0.646440	0.877520	0.433840	0.841600	0.420090	0.646440	0.553960	0.553640	0.592420	nan	0.476310	0.622170	0.698830	0.788540
799	nan	0.639170	0.764610	nan	0.834590	0.774530	nan	0.823760	0.553640	0.592420	nan	0.476310	0.622170	0.698830	0.788540
596	nan	0.646440	0.877520	0.433840	0.841600	0.420090	0.646440	0.553960	0.553640	0.592420	nan	0.476310	0.622170	0.698830	0.788540
566	nan	0.646440	0.877520	0.433840	0.841600	0.420090	0.646440	0.553960	0.553640	0.592420	nan	0.476310	0.622170	0.698830	0.788540
602	nan	0.639170	0.764610	nan	0.834590	0.774530	nan	0.823760	0.553640	0.592420	nan	0.476310	0.622170	0.698830	0.788540
508	nan	0.646440	0.877520	0.433840	0.841600	0.420090	0.646440	0.553960	0.553640	0.592420	nan	0.476310	0.622170	0.698830	0.788540
446	nan	0.639170	0.764610	nan	0.834590	0.774530	nan	0.823760	0.553640	0.592420	nan	0.476310	0.622170	0.698830	0.788540
447	nan	0.646440	0.877520	0.433840	0.841600	0.420090	0.646440	0.553960	0.553640	0.592420	nan	0.476310	0.622170	0.698830	0.788540
800	nan	0.804540	0.701570	nan	0.543800	0.606640	0.793110	0.491190	0.662530	0.519270	0.538260	0.693470	0.579870	0.299140	0.440430
289	nan	nan	0.701570	nan	0.543800	0.606640	0.793110	0.491190	0.662530	0.519270	0.538260	0.693470	0.579870	0.299140	0.440430
541	nan	nan	0.701570	nan	0.543800	0.606640	0.793110	0.491190	0.662530	0.519270	0.538260	0.693470	0.579870	0.299140	0.440430
198	nan	0.804540	0.701570	nan	0.543800	0.606640	0.793110	0.491190	0.662530	0.519270	0.538260	0.693470	0.579870	0.299140	0.440430
326	nan	nan	0.701570	nan	0.543800	0.606640	0.793110	0.491190	0.662530	0.519270	0.538260	0.693470	0.579870	0.299140	0.440430
233	nan	nan	0.701570	nan	0.543800	0.606640	0.793110	0.491190	0.662530	0.519270	0.538260	0.693470	0.579870	0.299140	0.440430
42	nan	nan	0.701570	nan	0.543800	0.606640	0.793110	0.491190	0.662530	0.519270	0.538260	0.693470	0.579870	0.299140	0.440430
202	nan	0.804540	0.701570	nan	0.543800	0.606640	0.793110	0.491190	0.662530	0.519270	0.538260	0.693470	0.579870	0.299140	0.440430
77	nan	0.804540	0.701570	nan	0.543800	0.606640	0.793110	0.491190	0.662530	0.519270	0.538260	0.693470	0.579870	0.299140	0.440430
665	nan	0.804540	0.701570	nan	0.543800	0.606640	0.793110	0.491190	0.662530	0.519270	0.538260	0.693470	0.579870	0.299140	0.440430
276	nan	nan	0.701570	nan	0.543800	0.606640	0.793110	0.491190	0.662530	0.519270	0.538260	0.693470	0.579870	0.299140	0.440430
473	nan	0.804540	0.701570	nan	0.543800	0.606640	0.793110	0.491190	0.662530	0.519270	0.538260	0.693470	0.579870	0.299140	0.440430
186	nan	nan	0.701570	nan	0.543800	0.606640	0.793110	0.491190	0.662530	0.519270	0.538260	0.693470	0.579870	0.299140	0.440430
123	nan	nan	0.701570	nan	0.543800	0.606640	0.793110	0.491190	0.662530	0.519270	0.538260	0.693470	0.579870	0.299140	0.440430
285	nan	0.804540	0.701570	nan	0.543800	0.606640	0.793110	0.491190	0.662530	0.519270	0.538260	0.693470	0.579870	0.299140	0.440430
192	nan	0.606540	0.483180	0.530090	0.662260	0.489520	nan	0.467220	0.630660	0.398080	0.490020	0.644680	0.376340	0.515370	0.799790
612	nan	0.606540	0.483180	0.530090	0.662260	0.489520	nan	0.467220	0.630660	0.398080	0.490020	0.644680	0.376340	0.515370	0.799790
549	nan	0.606540	0.483180	0.530090	0.662260	0.489520	nan	0.467220	0.630660	0.398080	0.490020	0.644680	0.376340	0.515370	0.799790
390	nan	0.606540	0.483180	0.530090	0.662260	0.489520	nan	0.467220	0.630660	0.398080	0.490020	0.644680	0.376340	0.515370	0.799790
682	nan	0.606540	0.483180	0.530090	0.662260	0.489520	nan	0.467220	0.630660	0.398080	0.490020	0.644680	0.376340	0.515370	0.799790
587	nan	0.606540	0.483180	0.530090	0.662260	0.489520	nan	0.467220	0.630660	0.398080	0.490020	0.644680	0.376340	0.515370	0.799790
203	nan	0.606540	0.483180	0.530090	0.662260	0.489520	nan	0.467220	0.630660	0.398080	0.490020	0.644680	0.376340	0.515370	0.799790
556	nan	0.606540	0.483180	0.530090	0.662260	0.489520	nan	0.467220	0.630660	0.398080	0.490020	0.644680	0.376340	0.515370	0.799790
46	nan	0.606540	0.483180	0.530090	0.662260	0.489520	nan	0.467220	0.630660	0.398080	0.490020	0.644680	0.376340	0.515370	0.799790
398	nan	0.606540	0.483180	0.530090	0.662260	0.489520	nan	0.467220	0.630660	0.398080	0.490020	0.644680	0.376340	0.515370	0.799790
688	nan	0.606540	0.483180	0.530090	0.662260	0.489520	nan	0.467220	0.630660	0.398080	0.490020	0.644680	0.376340	0.515370	0.799790
145	nan	0.606540	0.483180	0.530090	0.662260	0.489520	nan	0.467220	0.630660	0.398080	0.490020	0.644680	0.376340	0.515370	0.799790
570	nan	0.606540	0.483180	0.530090	0.662260	0.489520	nan	0.467220	0.630660	0.398080	0.490020	0.644680	0.376340	0.515370	0.799790
312	nan	0.606540	0.483180	0.530090	0.662260	0.489520	nan	0.467220	0.630660	0.398080	0.490020	0.644680	0.376340	0.515370	0.799790
730	nan	0.606540	0.483180	0.530090	0.662260	0.489520	nan	0.467220	0.630660	0.398080	0.490020	0.644680	0.376340	0.515370	0.799790
282	nan	0.606540	0.483180	0.530090	0.662260	0.489520	nan	0.467220	0.630660	0.398080	0.490020	0.644680	0.376340	0.515370	0.799790
128	nan	0.606180	nan	0.211380	0.591550	0.539950	0.229120	0.658560	0.480760	0.437530	0.815180	0.426560	0.674600	0.588150	0.743500
576	nan	0.904680	0.924000	0.211380	0.591550	0.539950	0.229120	0.658560	0.480760	0.437530	0.815180	0.426560	0.674600	0.588150	0.743500
738	nan	0.606180	nan	0.211380	0.591550	0.539950	0.229120	0.658560	0.480760	0.437530	0.815180	0.426560	0.674600	0.588150	0.743500
673	nan	0.904680	0.924000	0.211380	0.591550	0.539950	0.229120	0.658560	0.480760	0.437530	0.815180	0.426560	0.674600	0.588150	0.743500
129	nan	0.606180	nan	0.211380	0.591550	0.539950	0.229120	0.658560	0.480760	0.437530	0.815180	0.426560	0.674600	0.588150	0.743500
774	nan	0.904680	0.924000	0.211380	0.591550	0.539950	0.229120	0.658560	0.480760	0.437530	0.815180	0.426560	0.674600	0.588150	0.743500
359	nan	0.606180	nan	0.211380	0.591550	0.539950	0.229120	0.658560	0.480760	0.437530	0.815180	0.426560	0.674600	0.588150	0.743500
455	nan	0.904680	0.924000	0.211380	0.591550	0.539950	0.229120	0.658560	0.480760	0.437530	0.815180	0.426560	0.674600	0.588150	0.743500
140	nan	0.904680	0.924000	0.211380	0.591550	0.539950	0.229120	0.658560	0.480760	0.437530	0.815180	0.426560	0.674600	0.588150	0.743500
687	nan	0.606180	nan	0.211380	0.591550	0.539950	0.229120	0.658560	0.480760	0.437530	0.815180	0.426560	0.674600	0.588150	0.743500
50	nan	0.606180	nan	0.211380	0.591550	0.539950	0.229120	0.658560	0.480760	0.437530	0.815180	0.426560	0.674600	0.588150	0.743500
603	nan	0.904680	0.924000	0.211380	0.591550	0.539950	0.229120	0.658560	0.480760	0.437530	0.815180	0.426560	0.674600	0.588150	0.743500
795	nan	0.606180	nan	0.211380	0.591550	0.539950	0.229120	0.658560	0.480760	0.437530	0.815180	0.426560	0.674600	0.588150	0.743500
284	nan	0.606180	nan	0.211380	0.591550	0.539950	0.229120	0.658560	0.480760	0.437530	0.815180	0.426560	0.674600	0.588150	0.743500
130	nan	0.612150	0.355620	0.425540	0.442010	0.453940	0.447730	0.593650	0.306020	0.405860	0.471850	0.315630	nan	0.461630	0.641010
389	nan	0.713800	0.355620	0.425540	0.442010	0.453940	0.447730	0.593650	0.306020	0.405860	0.471850	0.315630	nan	0.461630	0.641010
271	nan	0.756520	0.355620	0.425540	0.442010	0.453940	0.447730	0.593650	0.306020	0.405860	0.471850	0.315630	nan	0.461630	0.641010
160	nan	0.756520	0.355620	0.425540	0.442010	0.453940	0.447730	0.593650	0.306020	0.405860	0.471850	0.315630	nan	0.461630	0.641010
547	nan	0.612150	0.355620	0.425540	0.442010	0.453940	0.447730	0.593650	0.306020	0.405860	0.471850	0.315630	nan	0.461630	0.641010
553	nan	0.756520	0.355620	0.425540	0.442010	0.453940	0.447730	0.593650	0.306020	0.405860	0.471850	0.315630	nan	0.461630	0.641010
51	nan	0.612150	0.355620	0.425540	0.442010	0.453940	0.447730	0.593650	0.306020	0.405860	0.471850	0.315630	nan	0.461630	0.641010
573	nan	0.713800	0.355620	0.425540	0.442010	0.453940	0.447730	0.593650	0.306020	0.405860	0.471850	0.315630	nan	0.461630	0.641010
62	nan	0.612150	0.355620	0.425540	0.442010	0.453940	0.447730	0.593650	0.306020	0.405860	0.471850	0.315630	nan	0.461630	0.641010
711	nan	0.756520	0.355620	0.425540	0.442010	0.453940	0.447730	0.593650	0.306020	0.405860	0.471850	0.315630	nan	0.461630	0.641010
714	nan	0.713800	0.355620	0.425540	0.442010	0.453940	0.447730	0.593650	0.306020	0.405860	0.471850	0.315630	nan	0.461630	0.641010
591	nan	0.713800	0.355620	0.425540	0.442010	0.453940	0.447730	0.593650	0.306020	0.405860	0.471850	0.315630	nan	0.461630	0.641010
732	nan	0.612150	0.355620	0.425540	0.442010	0.453940	0.447730	0.593650	0.306020	0.405860	0.471850	0.315630	nan	0.461630	0.641010
353	nan	0.713800	0.355620	0.425540	0.442010	0.453940	0.447730	0.593650	0.306020	0.405860	0.471850	0.315630	nan	0.461630	0.641010
610	nan	0.756520	0.355620	0.425540	0.442010	0.453940	0.447730	0.593650	0.306020	0.405860	0.471850	0.315630	nan	0.461630	0.641010
746	nan	0.756520	0.355620	0.425540	0.442010	0.453940	0.447730	0.593650	0.306020	0.405860	0.471850	0.315630	nan	0.461630	0.641010
240	nan	0.612150	0.355620	0.425540	0.442010	0.453940	0.447730	0.593650	0.306020	0.405860	0.471850	0.315630	nan	0.461630	0.641010
369	nan	0.713800	0.355620	0.425540	0.442010	0.453940	0.447730	0.593650	0.306020	0.405860	0.471850	0.315630	nan	0.461630	0.641010
254	nan	0.756520	0.355620	0.425540	0.442010	0.453940	0.447730	0.593650	0.306020	0.405860	0.471850	0.315630	nan	0.461630	0.641010
120	nan	0.713800	0.355620	0.425540	0.442010	0.453940	0.447730	0.593650	0.306020	0.405860	0.471850	0.315630	nan	0.461630	0.641010
637	nan	0.713800	0.355620	0.425540	0.442010	0.453940	0.447730	0.593650	0.306020	0.405860	0.471850	0.315630	nan	0.461630	0.641010
638	nan	0.612150	0.355620	0.425540	0.442010	0.453940	0.447730	0.593650	0.306020	0.405860	0.471850	0.315630	nan	0.461630	0.641010
772	nan	0.631840	0.633780	0.711530	nan	0.498240	0.405430	0.309100	0.259530	0.352150	0.174710	0.341900	0.424570	0.430140	0.542670
784	nan	0.631840	0.633780	0.711530	nan	0.498240	0.405430	0.309100	0.259530	0.352150	0.174710	0.341900	0.424570	0.430140	0.542670
538	nan	0.303280	0.485430	0.256000	nan	0.498240	0.405430	0.309100	0.259530	0.352150	0.174710	0.341900	0.424570	0.430140	0.542670
304	nan	0.631840	0.633780	0.711530	nan	0.498240	0.405430	0.309100	0.259530	0.352150	0.174710	0.341900	0.424570	0.430140	0.542670
305	nan	0.303280	0.485430	0.256000	nan	0.498240	0.405430	0.309100	0.259530	0.352150	0.174710	0.341900	0.424570	0.430140	0.542670
562	nan	0.303280	0.485430	0.256000	nan	0.498240	0.405430	0.309100	0.259530	0.352150	0.174710	0.341900	0.424570	0.430140	0.542670
308	nan	0.303280	0.485430	0.256000	nan	0.498240	0.405430	0.309100	0.259530	0.352150	0.174710	0.341900	0.424570	0.430140	0.542670
55	nan	0.631840	0.633780	0.711530	nan	0.498240	0.405430	0.309100	0.259530	0.352150	0.174710	0.341900	0.424570	0.430140	0.542670
696	nan	nan	0.485430	0.256000	nan	0.498240	0.405430	0.309100	0.259530	0.352150	0.174710	0.341900	0.424570	0.430140	0.542670
183	nan	0.303280	0.485430	0.256000	nan	0.498240	0.405430	0.309100	0.259530	0.352150	0.174710	0.341900	0.424570	0.430140	0.542670
579	nan	nan	0.485430	0.256000	nan	0.498240	0.405430	0.309100	0.259530	0.352150	0.174710	0.341900	0.424570	0.430140	0.542670
324	nan	0.303280	0.485430	0.256000	nan	0.498240	0.405430	0.309100	0.259530	0.352150	0.174710	0.341900	0.424570	0.430140	0.542670
323	nan	0.631840	0.633780	0.711530	nan	0.498240	0.405430	0.309100	0.259530	0.352150	0.174710	0.341900	0.424570	0.430140	0.542670
201	nan	0.303280	0.485430	0.256000	nan	0.498240	0.405430	0.309100	0.259530	0.352150	0.174710	0.341900	0.424570	0.430140	0.542670
204	nan	0.631840	0.633780	0.711530	nan	0.498240	0.405430	0.309100	0.259530	0.352150	0.174710	0.341900	0.424570	0.430140	0.542670
589	nan	0.631840	0.633780	0.711530	nan	0.498240	0.405430	0.309100	0.259530	0.352150	0.174710	0.341900	0.424570	0.430140	0.542670
210	nan	0.631840	0.633780	0.711530	nan	0.498240	0.405430	0.309100	0.259530	0.352150	0.174710	0.341900	0.424570	0.430140	0.542670
232	nan	0.303280	0.485430	0.256000	nan	0.498240	0.405430	0.309100	0.259530	0.352150	0.174710	0.341900	0.424570	0.430140	0.542670
234	nan	0.303280	0.485430	0.256000	nan	0.498240	0.405430	0.309100	0.259530	0.352150	0.174710	0.341900	0.424570	0.430140	0.542670
621	nan	0.303280	0.485430	0.256000	nan	0.498240	0.405430	0.309100	0.259530	0.352150	0.174710	0.341900	0.424570	0.430140	0.542670
111	nan	0.631840	0.633780	0.711530	nan	0.498240	0.405430	0.309100	0.259530	0.352150	0.174710	0.341900	0.424570	0.430140	0.542670
639	nan	0.303280	0.485430	0.256000	nan	0.498240	0.405430	0.309100	0.259530	0.352150	0.174710	0.341900	0.424570	0.430140	0.542670
550	nan	0.447060	0.507670	0.553230	0.592350	0.147320	0.372680	0.437270	nan	0.769570	0.621180	0.684380	0.513690	0.390130	0.653250
102	nan	0.447060	0.507670	0.553230	0.592350	0.147320	0.372680	0.437270	nan	0.769570	0.621180	0.684380	0.513690	0.390130	0.653250
70	nan	0.447060	0.507670	0.553230	0.592350	0.147320	0.372680	0.437270	nan	0.769570	0.621180	0.684380	0.513690	0.390130	0.653250
777	nan	0.447060	0.507670	0.553230	0.592350	0.147320	0.372680	0.437270	nan	0.769570	0.621180	0.684380	0.513690	0.390130	0.653250
461	nan	0.447060	0.507670	0.553230	0.592350	0.147320	0.372680	0.437270	nan	0.769570	0.621180	0.684380	0.513690	0.390130	0.653250
334	nan	0.447060	0.507670	0.553230	0.592350	0.147320	0.372680	0.437270	nan	0.769570	0.621180	0.684380	0.513690	0.390130	0.653250
367	nan	0.447060	0.507670	0.553230	0.592350	0.147320	0.372680	0.437270	nan	0.769570	0.621180	0.684380	0.513690	0.390130	0.653250
593	nan	0.447060	0.507670	0.553230	0.592350	0.147320	0.372680	0.437270	nan	0.769570	0.621180	0.684380	0.513690	0.390130	0.653250
242	nan	0.447060	0.507670	0.553230	0.592350	0.147320	0.372680	0.437270	nan	0.769570	0.621180	0.684380	0.513690	0.390130	0.653250
690	nan	0.447060	0.507670	0.553230	0.592350	0.147320	0.372680	0.437270	nan	0.769570	0.621180	0.684380	0.513690	0.390130	0.653250
313	nan	0.447060	0.507670	0.553230	0.592350	0.147320	0.372680	0.437270	nan	0.769570	0.621180	0.684380	0.513690	0.390130	0.653250
378	nan	0.447060	0.507670	0.553230	0.592350	0.147320	0.372680	0.437270	nan	0.769570	0.621180	0.684380	0.513690	0.390130	0.653250
222	nan	0.447060	0.507670	0.553230	0.592350	0.147320	0.372680	0.437270	nan	0.769570	0.621180	0.684380	0.513690	0.390130	0.653250
259	nan	0.770080	0.671680	0.629410	0.410380	0.637640	0.311310	0.540630	0.425650	0.567690	0.567380	0.558340	0.393920	0.532700	0.571880
661	nan	0.770080	0.671680	0.629410	0.410380	0.637640	0.311310	0.540630	0.425650	0.567690	0.567380	0.558340	0.393920	0.532700	0.571880
279	nan	0.770080	0.671680	0.629410	0.410380	0.637640	0.311310	0.540630	0.425650	0.567690	0.567380	0.558340	0.393920	0.532700	0.571880
281	nan	nan	nan	0.629410	0.410380	0.637640	0.311310	0.540630	0.425650	0.567690	0.567380	0.558340	0.393920	0.532700	0.571880
796	nan	0.770080	0.671680	0.629410	0.410380	0.637640	0.311310	0.540630	0.425650	0.567690	0.567380	0.558340	0.393920	0.532700	0.571880
157	nan	0.770080	0.671680	0.629410	0.410380	0.637640	0.311310	0.540630	0.425650	0.567690	0.567380	0.558340	0.393920	0.532700	0.571880
671	nan	nan	nan	0.629410	0.410380	0.637640	0.311310	0.540630	0.425650	0.567690	0.567380	0.558340	0.393920	0.532700	0.571880
426	nan	0.770080	0.671680	0.629410	0.410380	0.637640	0.311310	0.540630	0.425650	0.567690	0.567380	0.558340	0.393920	0.532700	0.571880
299	nan	nan	nan	0.629410	0.410380	0.637640	0.311310	0.540630	0.425650	0.567690	0.567380	0.558340	0.393920	0.532700	0.571880
432	nan	nan	nan	0.629410	0.410380	0.637640	0.311310	0.540630	0.425650	0.567690	0.567380	0.558340	0.393920	0.532700	0.571880
691	nan	0.770080	0.671680	0.629410	0.410380	0.637640	0.311310	0.540630	0.425650	0.567690	0.567380	0.558340	0.393920	0.532700	0.571880
311	nan	0.770080	0.671680	0.629410	0.410380	0.637640	0.311310	0.540630	0.425650	0.567690	0.567380	0.558340	0.393920	0.532700	0.571880
571	nan	0.770080	0.671680	0.629410	0.410380	0.637640	0.311310	0.540630	0.425650	0.567690	0.567380	0.558340	0.393920	0.532700	0.571880
706	nan	0.770080	0.671680	0.629410	0.410380	0.637640	0.311310	0.540630	0.425650	0.567690	0.567380	0.558340	0.393920	0.532700	0.571880
83	nan	nan	nan	0.629410	0.410380	0.637640	0.311310	0.540630	0.425650	0.567690	0.567380	0.558340	0.393920	0.532700	0.571880
479	nan	0.770080	0.671680	0.629410	0.410380	0.637640	0.311310	0.540630	0.425650	0.567690	0.567380	0.558340	0.393920	0.532700	0.571880
616	nan	0.770080	0.671680	0.629410	0.410380	0.637640	0.311310	0.540630	0.425650	0.567690	0.567380	0.558340	0.393920	0.532700	0.571880
624	nan	0.770080	0.671680	0.629410	0.410380	0.637640	0.311310	0.540630	0.425650	0.567690	0.567380	0.558340	0.393920	0.532700	0.571880
116	nan	0.770080	0.671680	0.629410	0.410380	0.637640	0.311310	0.540630	0.425650	0.567690	0.567380	0.558340	0.393920	0.532700	0.571880
98	nan	0.672630	0.895190	0.540810	0.494290	0.616620	0.651240	nan	0.556190	0.528230	0.498570	0.434720	0.666230	0.892070	0.754440
360	nan	0.690880	0.895190	0.540810	0.494290	0.616620	0.651240	nan	0.556190	0.528230	0.498570	0.434720	0.666230	0.892070	0.754440
136	nan	nan	nan	0.540810	0.494290	0.616620	0.651240	nan	0.556190	0.528230	0.498570	0.434720	0.666230	0.892070	0.754440
366	nan	0.672630	0.895190	0.540810	0.494290	0.616620	0.651240	nan	0.556190	0.528230	0.498570	0.434720	0.666230	0.892070	0.754440
719	nan	0.690880	0.895190	0.540810	0.494290	0.616620	0.651240	nan	0.556190	0.528230	0.498570	0.434720	0.666230	0.892070	0.754440
528	nan	0.672630	0.895190	0.540810	0.494290	0.616620	0.651240	nan	0.556190	0.528230	0.498570	0.434720	0.666230	0.892070	0.754440
752	nan	0.672630	0.895190	0.540810	0.494290	0.616620	0.651240	nan	0.556190	0.528230	0.498570	0.434720	0.666230	0.892070	0.754440
464	nan	0.690880	0.895190	0.540810	0.494290	0.616620	0.651240	nan	0.556190	0.528230	0.498570	0.434720	0.666230	0.892070	0.754440
371	nan	0.672630	0.895190	0.540810	0.494290	0.616620	0.651240	nan	0.556190	0.528230	0.498570	0.434720	0.666230	0.892070	0.754440
84	nan	0.690880	0.895190	0.540810	0.494290	0.616620	0.651240	nan	0.556190	0.528230	0.498570	0.434720	0.666230	0.892070	0.754440
440	nan	0.690880	0.895190	0.540810	0.494290	0.616620	0.651240	nan	0.556190	0.528230	0.498570	0.434720	0.666230	0.892070	0.754440
91	nan	0.690880	0.895190	0.540810	0.494290	0.616620	0.651240	nan	0.556190	0.528230	0.498570	0.434720	0.666230	0.892070	0.754440
667	nan	0.672630	0.895190	0.540810	0.494290	0.616620	0.651240	nan	0.556190	0.528230	0.498570	0.434720	0.666230	0.892070	0.754440
158	nan	nan	nan	0.540810	0.494290	0.616620	0.651240	nan	0.556190	0.528230	0.498570	0.434720	0.666230	0.892070	0.754440
320	nan	nan	0.720810	0.506090	0.390840	0.492090	nan	0.592700	0.567230	0.291710	0.566170	0.621700	0.211730	0.440490	0.529360
631	nan	nan	0.720810	0.506090	0.390840	0.492090	nan	0.592700	0.567230	0.291710	0.566170	0.621700	0.211730	0.440490	0.529360
104	nan	0.758160	0.515040	0.299180	0.819450	0.549590	nan	0.592700	0.567230	0.291710	0.566170	0.621700	0.211730	0.440490	0.529360
584	nan	nan	0.720810	0.506090	0.390840	0.492090	nan	0.592700	0.567230	0.291710	0.566170	0.621700	0.211730	0.440490	0.529360
200	nan	nan	0.720810	0.506090	0.390840	0.492090	nan	0.592700	0.567230	0.291710	0.566170	0.621700	0.211730	0.440490	0.529360
330	nan	nan	0.720810	0.506090	0.390840	0.492090	nan	0.592700	0.567230	0.291710	0.566170	0.621700	0.211730	0.440490	0.529360
749	nan	0.758160	0.515040	0.299180	0.819450	0.549590	nan	0.592700	0.567230	0.291710	0.566170	0.621700	0.211730	0.440490	0.529360
239	nan	0.758160	0.515040	0.299180	0.819450	0.549590	nan	0.592700	0.567230	0.291710	0.566170	0.621700	0.211730	0.440490	0.529360
498	nan	nan	0.720810	0.506090	0.390840	0.492090	nan	0.592700	0.567230	0.291710	0.566170	0.621700	0.211730	0.440490	0.529360
147	nan	nan	0.720810	0.506090	0.390840	0.492090	nan	0.592700	0.567230	0.291710	0.566170	0.621700	0.211730	0.440490	0.529360
506	nan	0.758160	0.515040	0.299180	0.819450	0.549590	nan	0.592700	0.567230	0.291710	0.566170	0.621700	0.211730	0.440490	0.529360
278	nan	0.758160	0.515040	0.299180	0.819450	0.549590	nan	0.592700	0.567230	0.291710	0.566170	0.621700	0.211730	0.440490	0.529360
439	nan	nan	0.720810	0.506090	0.390840	0.492090	nan	0.592700	0.567230	0.291710	0.566170	0.621700	0.211730	0.440490	0.529360
90	nan	0.758160	0.515040	0.299180	0.819450	0.549590	nan	0.592700	0.567230	0.291710	0.566170	0.621700	0.211730	0.440490	0.529360
347	nan	0.758160	0.515040	0.299180	0.819450	0.549590	nan	0.592700	0.567230	0.291710	0.566170	0.621700	0.211730	0.440490	0.529360
481	nan	0.485470	0.780200	0.602450	0.426850	0.519110	0.601020	0.405580	0.636530	0.462990	0.480660	0.369140	0.694120	0.599070	0.428640
609	nan	0.485470	0.780200	0.602450	0.426850	0.519110	0.601020	0.405580	0.636530	0.462990	0.480660	0.369140	0.694120	0.599070	0.428640
770	nan	0.485470	0.780200	0.602450	0.426850	0.519110	0.601020	0.405580	0.636530	0.462990	0.480660	0.369140	0.694120	0.599070	0.428640
101	nan	0.485470	0.780200	0.602450	0.426850	0.519110	0.601020	0.405580	0.636530	0.462990	0.480660	0.369140	0.694120	0.599070	0.428640
391	nan	nan	0.780200	0.602450	0.426850	0.519110	0.601020	0.405580	0.636530	0.462990	0.480660	0.369140	0.694120	0.599070	0.428640
425	nan	nan	0.780200	0.602450	0.426850	0.519110	0.601020	0.405580	0.636530	0.462990	0.480660	0.369140	0.694120	0.599070	0.428640
331	nan	0.485470	0.780200	0.602450	0.426850	0.519110	0.601020	0.405580	0.636530	0.462990	0.480660	0.369140	0.694120	0.599070	0.428640
779	nan	0.485470	0.780200	0.602450	0.426850	0.519110	0.601020	0.405580	0.636530	0.462990	0.480660	0.369140	0.694120	0.599070	0.428640
335	nan	0.485470	0.780200	0.602450	0.426850	0.519110	0.601020	0.405580	0.636530	0.462990	0.480660	0.369140	0.694120	0.599070	0.428640
431	nan	nan	0.780200	0.602450	0.426850	0.519110	0.601020	0.405580	0.636530	0.462990	0.480660	0.369140	0.694120	0.599070	0.428640
592	nan	0.485470	0.780200	0.602450	0.426850	0.519110	0.601020	0.405580	0.636530	0.462990	0.480660	0.369140	0.694120	0.599070	0.428640
623	nan	nan	0.780200	0.602450	0.426850	0.519110	0.601020	0.405580	0.636530	0.462990	0.480660	0.369140	0.694120	0.599070	0.428640
531	nan	0.485470	0.780200	0.602450	0.426850	0.519110	0.601020	0.405580	0.636530	0.462990	0.480660	0.369140	0.694120	0.599070	0.428640
472	nan	nan	0.780200	0.602450	0.426850	0.519110	0.601020	0.405580	0.636530	0.462990	0.480660	0.369140	0.694120	0.599070	0.428640
252	nan	nan	0.780200	0.602450	0.426850	0.519110	0.601020	0.405580	0.636530	0.462990	0.480660	0.369140	0.694120	0.599070	0.428640
127	nan	nan	0.780200	0.602450	0.426850	0.519110	0.601020	0.405580	0.636530	0.462990	0.480660	0.369140	0.694120	0.599070	0.428640
257	nan	0.672380	0.504940	0.516740	0.869230	0.824160	0.591700	0.601670	0.255640	nan	0.512300	0.573930	0.282380	0.360560	0.318080
258	nan	nan	0.535710	0.685230	0.429920	0.457790	0.591700	0.601670	0.255640	nan	0.512300	0.573930	0.282380	0.360560	0.318080
134	nan	nan	0.535710	0.685230	0.429920	0.457790	0.591700	0.601670	0.255640	nan	0.512300	0.573930	0.282380	0.360560	0.318080
399	nan	0.672380	0.504940	0.516740	0.869230	0.824160	0.591700	0.601670	0.255640	nan	0.512300	0.573930	0.282380	0.360560	0.318080
154	nan	0.672380	0.504940	0.516740	0.869230	0.824160	0.591700	0.601670	0.255640	nan	0.512300	0.573930	0.282380	0.360560	0.318080
417	nan	nan	0.535710	0.685230	0.429920	0.457790	0.591700	0.601670	0.255640	nan	0.512300	0.573930	0.282380	0.360560	0.318080
419	nan	nan	0.535710	0.685230	0.429920	0.457790	0.591700	0.601670	0.255640	nan	0.512300	0.573930	0.282380	0.360560	0.318080
291	nan	nan	0.535710	0.685230	0.429920	0.457790	0.591700	0.601670	0.255640	nan	0.512300	0.573930	0.282380	0.360560	0.318080
296	nan	nan	0.535710	0.685230	0.429920	0.457790	0.591700	0.601670	0.255640	nan	0.512300	0.573930	0.282380	0.360560	0.318080
171	nan	nan	0.535710	0.685230	0.429920	0.457790	0.591700	0.601670	0.255640	nan	0.512300	0.573930	0.282380	0.360560	0.318080
180	nan	0.672380	0.504940	0.516740	0.869230	0.824160	0.591700	0.601670	0.255640	nan	0.512300	0.573930	0.282380	0.360560	0.318080
695	nan	0.672380	0.504940	0.516740	0.869230	0.824160	0.591700	0.601670	0.255640	nan	0.512300	0.573930	0.282380	0.360560	0.318080
703	nan	0.672380	0.504940	0.516740	0.869230	0.824160	0.591700	0.601670	0.255640	nan	0.512300	0.573930	0.282380	0.360560	0.318080
716	nan	nan	0.535710	0.685230	0.429920	0.457790	0.591700	0.601670	0.255640	nan	0.512300	0.573930	0.282380	0.360560	0.318080
333	nan	nan	0.535710	0.685230	0.429920	0.457790	0.591700	0.601670	0.255640	nan	0.512300	0.573930	0.282380	0.360560	0.318080
600	nan	nan	0.535710	0.685230	0.429920	0.457790	0.591700	0.601670	0.255640	nan	0.512300	0.573930	0.282380	0.360560	0.318080
352	nan	0.672380	0.504940	0.516740	0.869230	0.824160	0.591700	0.601670	0.255640	nan	0.512300	0.573930	0.282380	0.360560	0.318080
105	nan	nan	0.535710	0.685230	0.429920	0.457790	0.591700	0.601670	0.255640	nan	0.512300	0.573930	0.282380	0.360560	0.318080
758	nan	nan	0.535710	0.685230	0.429920	0.457790	0.591700	0.601670	0.255640	nan	0.512300	0.573930	0.282380	0.360560	0.318080
246	nan	nan	0.535710	0.685230	0.429920	0.457790	0.591700	0.601670	0.255640	nan	0.512300	0.573930	0.282380	0.360560	0.318080
505	nan	nan	0.535710	0.685230	0.429920	0.457790	0.591700	0.601670	0.255640	nan	0.512300	0.573930	0.282380	0.360560	0.318080
514	nan	nan	nan	nan	0.388330	0.672630	0.504700	0.442790	nan	0.529250	nan	0.699510	0.637110	0.358960	0.300350
199	nan	0.617230	0.430450	nan	0.388330	0.672630	0.504700	0.442790	nan	0.529250	nan	0.699510	0.637110	0.358960	0.300350
551	nan	0.617230	0.430450	nan	0.388330	0.672630	0.504700	0.442790	nan	0.529250	nan	0.699510	0.637110	0.358960	0.300350
424	nan	0.617230	0.430450	nan	0.388330	0.672630	0.504700	0.442790	nan	0.529250	nan	0.699510	0.637110	0.358960	0.300350
108	nan	nan	0.430450	nan	0.388330	0.672630	0.504700	0.442790	nan	0.529250	nan	0.699510	0.637110	0.358960	0.300350
652	nan	0.617230	0.430450	nan	0.388330	0.672630	0.504700	0.442790	nan	0.529250	nan	0.699510	0.637110	0.358960	0.300350
110	nan	nan	0.430450	nan	0.388330	0.672630	0.504700	0.442790	nan	0.529250	nan	0.699510	0.637110	0.358960	0.300350
207	nan	nan	nan	nan	0.388330	0.672630	0.504700	0.442790	nan	0.529250	nan	0.699510	0.637110	0.358960	0.300350
114	nan	nan	nan	nan	0.388330	0.672630	0.504700	0.442790	nan	0.529250	nan	0.699510	0.637110	0.358960	0.300350
119	nan	0.617230	0.430450	nan	0.388330	0.672630	0.504700	0.442790	nan	0.529250	nan	0.699510	0.637110	0.358960	0.300350
310	nan	nan	0.430450	nan	0.388330	0.672630	0.504700	0.442790	nan	0.529250	nan	0.699510	0.637110	0.358960	0.300350
535	nan	nan	0.430450	nan	0.388330	0.672630	0.504700	0.442790	nan	0.529250	nan	0.699510	0.637110	0.358960	0.300350
699	nan	nan	nan	nan	0.388330	0.672630	0.504700	0.442790	nan	0.529250	nan	0.699510	0.637110	0.358960	0.300350
381	nan	0.617230	0.430450	nan	0.388330	0.672630	0.504700	0.442790	nan	0.529250	nan	0.699510	0.637110	0.358960	0.300350
138	nan	0.595940	0.738130	0.730090	nan	0.775810	0.869220	0.858360	0.539330	0.746570	nan	0.491100	0.863950	0.459470	0.657900
395	nan	0.595940	0.738130	0.730090	nan	0.775810	0.869220	0.858360	0.539330	0.746570	nan	0.491100	0.863950	0.459470	0.657900
268	nan	0.595940	0.738130	0.730090	nan	0.775810	0.869220	0.858360	0.539330	0.746570	nan	0.491100	0.863950	0.459470	0.657900
653	nan	0.595940	0.738130	0.730090	nan	0.775810	0.869220	0.858360	0.539330	0.746570	nan	0.491100	0.863950	0.459470	0.657900
750	nan	0.595940	0.738130	0.730090	nan	0.775810	0.869220	0.858360	0.539330	0.746570	nan	0.491100	0.863950	0.459470	0.657900
374	nan	0.595940	0.738130	0.730090	nan	0.775810	0.869220	0.858360	0.539330	0.746570	nan	0.491100	0.863950	0.459470	0.657900
376	nan	0.595940	0.738130	0.730090	nan	0.775810	0.869220	0.858360	0.539330	0.746570	nan	0.491100	0.863950	0.459470	0.657900
476	nan	0.595940	0.738130	0.730090	nan	0.775810	0.869220	0.858360	0.539330	0.746570	nan	0.491100	0.863950	0.459470	0.657900
