MolID	0	1	2	3	4	5	6	7	8	9	10	11	12	13	14
65	nan	nan	0.375040	0.361710	0.424000	nan	0.495070	0.500450	0.454650	nan	nan	nan	0.422180	0.421690	nan
642	nan	0.675620	0.375040	0.361710	0.424000	nan	0.495070	0.500450	0.454650	nan	nan	nan	0.422180	0.421690	nan
577	nan	nan	nan	0.361710	0.424000	nan	0.495070	0.500450	0.454650	nan	nan	nan	0.422180	0.421690	nan
451	nan	0.675620	0.375040	0.361710	0.424000	nan	0.495070	0.500450	0.454650	nan	nan	nan	0.422180	0.421690	nan
9	nan	nan	0.375040	0.361710	0.424000	nan	0.495070	0.500450	0.454650	nan	nan	nan	0.422180	0.421690	nan
11	nan	nan	0.375040	0.361710	0.424000	nan	0.495070	0.500450	0.454650	nan	nan	nan	0.422180	0.421690	nan
140	nan	nan	nan	0.361710	0.424000	nan	0.495070	0.500450	0.454650	nan	nan	nan	0.422180	0.421690	nan
395	nan	nan	0.375040	0.361710	0.424000	nan	0.495070	0.500450	0.454650	nan	nan	nan	0.422180	0.421690	nan
459	nan	nan	nan	0.361710	0.424000	nan	0.495070	0.500450	0.454650	nan	nan	nan	0.422180	0.421690	nan
787	nan	nan	nan	0.361710	0.424000	nan	0.495070	0.500450	0.454650	nan	nan	nan	0.422180	0.421690	nan
20	nan	nan	0.375040	0.361710	0.424000	nan	0.495070	0.500450	0.454650	nan	nan	nan	0.422180	0.421690	nan
473	nan	0.675620	0.375040	0.361710	0.424000	nan	0.495070	0.500450	0.454650	nan	nan	nan	0.422180	0.421690	nan
26	nan	nan	nan	0.361710	0.424000	nan	0.495070	0.500450	0.454650	nan	nan	nan	0.422180	0.421690	nan
604	nan	0.675620	0.375040	0.361710	0.424000	nan	0.495070	0.500450	0.454650	nan	nan	nan	0.422180	0.421690	nan
285	nan	nan	0.375040	0.361710	0.424000	nan	0.495070	0.500450	0.454650	nan	nan	nan	0.422180	0.421690	nan
225	nan	nan	0.375040	0.361710	0.424000	nan	0.495070	0.500450	0.454650	nan	nan	nan	0.422180	0.421690	nan
233	nan	nan	nan	0.361710	0.424000	nan	0.495070	0.500450	0.454650	nan	nan	nan	0.422180	0.421690	nan
298	nan	nan	nan	0.361710	0.424000	nan	0.495070	0.500450	0.454650	nan	nan	nan	0.422180	0.421690	nan
489	nan	nan	nan	0.361710	0.424000	nan	0.495070	0.500450	0.454650	nan	nan	nan	0.422180	0.421690	nan
364	nan	0.675620	0.375040	0.361710	0.424000	nan	0.495070	0.500450	0.454650	nan	nan	nan	0.422180	0.421690	nan
429	nan	nan	0.375040	0.361710	0.424000	nan	0.495070	0.500450	0.454650	nan	nan	nan	0.422180	0.421690	nan
687	nan	nan	nan	0.361710	0.424000	nan	0.495070	0.500450	0.454650	nan	nan	nan	0.422180	0.421690	nan
628	nan	nan	nan	0.361710	0.424000	nan	0.495070	0.500450	0.454650	nan	nan	nan	0.422180	0.421690	nan
759	nan	nan	0.375040	0.361710	0.424000	nan	0.495070	0.500450	0.454650	nan	nan	nan	0.422180	0.421690	nan
443	nan	nan	0.375040	0.361710	0.424000	nan	0.495070	0.500450	0.454650	nan	nan	nan	0.422180	0.421690	nan
316	nan	0.675620	0.375040	0.361710	0.424000	nan	0.495070	0.500450	0.454650	nan	nan	nan	0.422180	0.421690	nan
683	nan	0.577830	0.651950	0.434920	0.244030	0.193370	nan	0.439370	0.343810	0.438360	0.250610	0.416490	nan	0.482610	nan
12	nan	0.737850	0.153400	0.375480	nan	0.193370	nan	0.439370	0.343810	0.438360	0.250610	0.416490	nan	0.482610	nan
525	nan	nan	nan	nan	nan	0.193370	nan	0.439370	0.343810	0.438360	0.250610	0.416490	nan	0.482610	nan
431	nan	0.737850	0.153400	0.375480	nan	0.193370	nan	0.439370	0.343810	0.438360	0.250610	0.416490	nan	0.482610	nan
82	nan	0.577830	0.651950	0.434920	0.244030	0.193370	nan	0.439370	0.343810	0.438360	0.250610	0.416490	nan	0.482610	nan
214	nan	0.577830	0.651950	0.434920	0.244030	0.193370	nan	0.439370	0.343810	0.438360	0.250610	0.416490	nan	0.482610	nan
28	nan	0.577830	0.651950	0.434920	0.244030	0.193370	nan	0.439370	0.343810	0.438360	0.250610	0.416490	nan	0.482610	nan
29	nan	nan	nan	nan	nan	0.193370	nan	0.439370	0.343810	0.438360	0.250610	0.416490	nan	0.482610	nan
17	nan	0.420570	0.588650	0.702990	0.603680	0.466790	0.678950	0.371950	0.346820	0.406770	nan	0.813370	0.737220	0.864780	nan
660	nan	0.420570	0.588650	0.702990	0.603680	0.466790	0.678950	0.371950	0.346820	0.406770	nan	0.813370	0.737220	0.864780	nan
781	nan	0.420570	0.588650	0.702990	0.603680	0.466790	0.678950	0.371950	0.346820	0.406770	nan	0.813370	0.737220	0.864780	nan
608	nan	0.531030	nan	0.645030	nan	0.374240	0.297600	0.446300	0.441940	0.511850	nan	nan	0.308370	0.380750	nan
384	nan	0.531030	nan	0.645030	nan	0.374240	0.297600	0.446300	0.441940	0.511850	nan	nan	0.308370	0.380750	nan
134	nan	0.503780	0.384910	0.416010	nan	0.374240	0.297600	0.446300	0.441940	0.511850	nan	nan	0.308370	0.380750	nan
711	nan	0.531030	nan	0.645030	nan	0.374240	0.297600	0.446300	0.441940	0.511850	nan	nan	0.308370	0.380750	nan
265	nan	0.503780	0.384910	0.416010	nan	0.374240	0.297600	0.446300	0.441940	0.511850	nan	nan	0.308370	0.380750	nan
44	nan	0.503780	0.384910	0.416010	nan	0.374240	0.297600	0.446300	0.441940	0.511850	nan	nan	0.308370	0.380750	nan
588	nan	0.531030	nan	0.645030	nan	0.374240	0.297600	0.446300	0.441940	0.511850	nan	nan	0.308370	0.380750	nan
498	nan	0.531030	nan	0.645030	nan	0.374240	0.297600	0.446300	0.441940	0.511850	nan	nan	0.308370	0.380750	nan
348	nan	0.503780	0.384910	0.416010	nan	0.374240	0.297600	0.446300	0.441940	0.511850	nan	nan	0.308370	0.380750	nan
343	nan	0.503780	0.384910	0.416010	nan	0.374240	0.297600	0.446300	0.441940	0.511850	nan	nan	0.308370	0.380750	nan
506	nan	0.503780	0.384910	0.416010	nan	0.374240	0.297600	0.446300	0.441940	0.511850	nan	nan	0.308370	0.380750	nan
124	nan	0.503780	0.384910	0.416010	nan	0.374240	0.297600	0.446300	0.441940	0.511850	nan	nan	0.308370	0.380750	nan
317	nan	0.531030	nan	0.645030	nan	0.374240	0.297600	0.446300	0.441940	0.511850	nan	nan	0.308370	0.380750	nan
126	nan	0.531030	nan	0.645030	nan	0.374240	0.297600	0.446300	0.441940	0.511850	nan	nan	0.308370	0.380750	nan
561	nan	0.577830	0.651950	0.434920	0.244030	0.193370	nan	0.439370	0.343810	0.438360	0.250610	0.416490	nan	0.482610	nan
550	nan	nan	0.153400	0.375480	nan	0.193370	nan	0.439370	0.343810	0.438360	0.250610	0.416490	nan	0.482610	nan
200	nan	nan	0.153400	0.375480	nan	0.193370	nan	0.439370	0.343810	0.438360	0.250610	0.416490	nan	0.482610	nan
585	nan	nan	0.153400	0.375480	nan	0.193370	nan	0.439370	0.343810	0.438360	0.250610	0.416490	nan	0.482610	nan
47	nan	0.577830	0.651950	0.434920	0.244030	0.193370	nan	0.439370	0.343810	0.438360	0.250610	0.416490	nan	0.482610	nan
335	nan	0.577830	0.651950	0.434920	0.244030	0.193370	nan	0.439370	0.343810	0.438360	0.250610	0.416490	nan	0.482610	nan
769	nan	0.276230	0.531750	0.461470	nan	0.566300	0.833360	0.528510	0.524700	0.243940	0.487620	0.213000	0.402650	0.278020	nan
142	nan	0.276230	0.531750	0.461470	nan	0.566300	0.833360	0.528510	0.524700	0.243940	0.487620	0.213000	0.402650	0.278020	nan
48	nan	0.276230	0.531750	0.461470	nan	0.566300	0.833360	0.528510	0.524700	0.243940	0.487620	0.213000	0.402650	0.278020	nan
53	nan	0.640340	nan	nan	0.404900	0.419130	0.661520	0.377090	0.524700	0.243940	0.487620	0.213000	0.402650	0.278020	nan
566	nan	0.276230	0.531750	0.461470	nan	0.566300	0.833360	0.528510	0.524700	0.243940	0.487620	0.213000	0.402650	0.278020	nan
410	nan	0.276230	0.531750	0.461470	nan	0.566300	0.833360	0.528510	0.524700	0.243940	0.487620	0.213000	0.402650	0.278020	nan
667	nan	0.276230	0.531750	0.461470	nan	0.566300	0.833360	0.528510	0.524700	0.243940	0.487620	0.213000	0.402650	0.278020	nan
253	nan	0.640340	nan	nan	0.404900	0.419130	0.661520	0.377090	0.524700	0.243940	0.487620	0.213000	0.402650	0.278020	nan
487	nan	0.640340	nan	nan	0.404900	0.419130	0.661520	0.377090	0.524700	0.243940	0.487620	0.213000	0.402650	0.278020	nan
744	nan	0.640340	nan	nan	0.404900	0.419130	0.661520	0.377090	0.524700	0.243940	0.487620	0.213000	0.402650	0.278020	nan
76	nan	0.640340	nan	nan	0.404900	0.419130	0.661520	0.377090	0.524700	0.243940	0.487620	0.213000	0.402650	0.278020	nan
109	nan	0.640340	nan	nan	0.404900	0.419130	0.661520	0.377090	0.524700	0.243940	0.487620	0.213000	0.402650	0.278020	nan
718	nan	0.640340	nan	nan	0.404900	0.419130	0.661520	0.377090	0.524700	0.243940	0.487620	0.213000	0.402650	0.278020	nan
594	nan	0.640340	nan	nan	0.404900	0.419130	0.661520	0.377090	0.524700	0.243940	0.487620	0.213000	0.402650	0.278020	nan
91	nan	0.640340	nan	nan	0.404900	0.419130	0.661520	0.377090	0.524700	0.243940	0.487620	0.213000	0.402650	0.278020	nan
573	nan	0.640340	nan	nan	0.404900	0.419130	0.661520	0.377090	0.524700	0.243940	0.487620	0.213000	0.402650	0.278020	nan
350	nan	0.276230	0.531750	0.461470	nan	0.566300	0.833360	0.528510	0.524700	0.243940	0.487620	0.213000	0.402650	0.278020	nan
672	nan	nan	nan	nan	nan	0.418190	0.581180	0.657830	0.496520	0.453290	0.583740	0.648590	0.556840	0.461550	nan
97	nan	nan	nan	nan	nan	0.418190	0.581180	0.657830	0.496520	0.453290	0.583740	0.648590	0.556840	0.461550	nan
370	nan	0.441320	0.725960	0.578990	0.445030	0.636140	0.509190	0.621580	nan	0.588630	0.576660	0.561490	0.581240	0.472570	nan
100	nan	0.441320	0.725960	0.578990	0.445030	0.636140	0.509190	0.621580	nan	0.588630	0.576660	0.561490	0.581240	0.472570	nan
376	nan	0.441320	0.725960	0.578990	0.445030	0.636140	0.509190	0.621580	nan	0.588630	0.576660	0.561490	0.581240	0.472570	nan
171	nan	0.441320	0.725960	0.578990	0.445030	0.636140	0.509190	0.621580	nan	0.588630	0.576660	0.561490	0.581240	0.472570	nan
653	nan	0.441320	0.725960	0.578990	0.445030	0.636140	0.509190	0.621580	nan	0.588630	0.576660	0.561490	0.581240	0.472570	nan
494	nan	0.441320	0.725960	0.578990	0.445030	0.636140	0.509190	0.621580	nan	0.588630	0.576660	0.561490	0.581240	0.472570	nan
579	nan	0.840210	nan	nan	0.581540	0.418190	0.581180	0.657830	0.496520	0.453290	0.583740	0.648590	0.556840	0.461550	nan
518	nan	0.840210	nan	nan	0.581540	0.418190	0.581180	0.657830	0.496520	0.453290	0.583740	0.648590	0.556840	0.461550	nan
295	nan	nan	nan	nan	nan	0.418190	0.581180	0.657830	0.496520	0.453290	0.583740	0.648590	0.556840	0.461550	nan
106	nan	0.840210	nan	nan	0.581540	0.418190	0.581180	0.657830	0.496520	0.453290	0.583740	0.648590	0.556840	0.461550	nan
107	nan	nan	nan	nan	0.581540	0.418190	0.581180	0.657830	0.496520	0.453290	0.583740	0.648590	0.556840	0.461550	nan
657	nan	nan	nan	nan	0.581540	0.418190	0.581180	0.657830	0.496520	0.453290	0.583740	0.648590	0.556840	0.461550	nan
632	nan	nan	nan	nan	0.581540	0.418190	0.581180	0.657830	0.496520	0.453290	0.583740	0.648590	0.556840	0.461550	nan
313	nan	nan	nan	nan	0.581540	0.418190	0.581180	0.657830	0.496520	0.453290	0.583740	0.648590	0.556840	0.461550	nan
137	nan	0.441320	0.725960	0.578990	0.445030	0.636140	0.509190	0.621580	nan	0.588630	0.576660	0.561490	0.581240	0.472570	nan
161	nan	0.441320	0.725960	0.578990	0.445030	0.636140	0.509190	0.621580	nan	0.588630	0.576660	0.561490	0.581240	0.472570	nan
716	nan	0.441320	0.725960	0.578990	0.445030	0.636140	0.509190	0.621580	nan	0.588630	0.576660	0.561490	0.581240	0.472570	nan
206	nan	0.737850	0.153400	0.375480	nan	0.193370	nan	0.439370	0.343810	0.438360	0.250610	0.416490	nan	0.482610	nan
158	nan	0.737850	0.153400	0.375480	nan	0.193370	nan	0.439370	0.343810	0.438360	0.250610	0.416490	nan	0.482610	nan
169	nan	0.681510	0.693400	0.550610	0.558410	0.643720	0.378830	0.426040	0.502960	0.656000	0.574540	0.372530	0.552210	0.823140	nan
202	nan	0.681510	0.693400	0.550610	0.558410	0.643720	0.378830	0.426040	0.502960	0.656000	0.574540	0.372530	0.552210	0.823140	nan
427	nan	0.681510	0.693400	0.550610	0.558410	0.643720	0.378830	0.426040	0.502960	0.656000	0.574540	0.372530	0.552210	0.823140	nan
187	nan	0.681510	0.693400	0.550610	0.558410	0.643720	0.378830	0.426040	0.502960	0.656000	0.574540	0.372530	0.552210	0.823140	nan
368	nan	0.503780	0.384910	0.416010	nan	0.374240	0.297600	0.446300	0.441940	0.511850	nan	nan	0.308370	0.380750	nan
193	nan	0.503780	0.384910	0.416010	nan	0.374240	0.297600	0.446300	0.441940	0.511850	nan	nan	0.308370	0.380750	nan
484	nan	0.503780	0.384910	0.416010	nan	0.374240	0.297600	0.446300	0.441940	0.511850	nan	nan	0.308370	0.380750	nan
393	nan	0.503780	0.384910	0.416010	nan	0.374240	0.297600	0.446300	0.441940	0.511850	nan	nan	0.308370	0.380750	nan
170	nan	0.503780	0.384910	0.416010	nan	0.374240	0.297600	0.446300	0.441940	0.511850	nan	nan	0.308370	0.380750	nan
412	nan	0.503780	0.384910	0.416010	nan	0.374240	0.297600	0.446300	0.441940	0.511850	nan	nan	0.308370	0.380750	nan
730	nan	0.503780	0.384910	0.416010	nan	0.374240	0.297600	0.446300	0.441940	0.511850	nan	nan	0.308370	0.380750	nan
176	nan	nan	nan	nan	nan	0.418190	0.581180	0.657830	0.496520	0.453290	0.583740	0.648590	0.556840	0.461550	nan
182	nan	0.840210	nan	nan	0.581540	0.418190	0.581180	0.657830	0.496520	0.453290	0.583740	0.648590	0.556840	0.461550	nan
471	nan	0.840210	nan	nan	0.581540	0.418190	0.581180	0.657830	0.496520	0.453290	0.583740	0.648590	0.556840	0.461550	nan
602	nan	nan	nan	nan	nan	0.418190	0.581180	0.657830	0.496520	0.453290	0.583740	0.648590	0.556840	0.461550	nan
175	nan	0.840210	nan	nan	0.581540	0.418190	0.581180	0.657830	0.496520	0.453290	0.583740	0.648590	0.556840	0.461550	nan
241	nan	0.441320	0.725960	0.578990	0.445030	0.636140	0.509190	0.621580	nan	0.588630	0.576660	0.561490	0.581240	0.472570	nan
325	nan	0.441320	0.725960	0.578990	0.445030	0.636140	0.509190	0.621580	nan	0.588630	0.576660	0.561490	0.581240	0.472570	nan
278	nan	0.441320	0.725960	0.578990	0.445030	0.636140	0.509190	0.621580	nan	0.588630	0.576660	0.561490	0.581240	0.472570	nan
793	nan	0.441320	0.725960	0.578990	0.445030	0.636140	0.509190	0.621580	nan	0.588630	0.576660	0.561490	0.581240	0.472570	nan
565	nan	0.420570	0.588650	0.702990	0.603680	0.466790	0.678950	0.371950	0.346820	0.406770	nan	0.813370	0.737220	0.864780	nan
254	nan	0.420570	0.588650	0.702990	0.603680	0.466790	0.678950	0.371950	0.346820	0.406770	nan	0.813370	0.737220	0.864780	nan
421	nan	0.420570	0.588650	0.702990	0.603680	0.466790	0.678950	0.371950	0.346820	0.406770	nan	0.813370	0.737220	0.864780	nan
432	nan	nan	nan	nan	nan	0.643720	0.378830	0.426040	0.502960	0.656000	0.574540	0.372530	0.552210	0.823140	nan
290	nan	0.681510	0.693400	0.550610	0.558410	0.643720	0.378830	0.426040	0.502960	0.656000	0.574540	0.372530	0.552210	0.823140	nan
727	nan	0.681510	0.693400	0.550610	0.558410	0.643720	0.378830	0.426040	0.502960	0.656000	0.574540	0.372530	0.552210	0.823140	nan
353	nan	0.737850	0.153400	0.375480	nan	0.193370	nan	0.439370	0.343810	0.438360	0.250610	0.416490	nan	0.482610	nan
355	nan	nan	0.153400	0.375480	nan	0.193370	nan	0.439370	0.343810	0.438360	0.250610	0.416490	nan	0.482610	nan
437	nan	0.737850	0.153400	0.375480	nan	0.193370	nan	0.439370	0.343810	0.438360	0.250610	0.416490	nan	0.482610	nan
584	nan	0.737850	0.153400	0.375480	nan	0.193370	nan	0.439370	0.343810	0.438360	0.250610	0.416490	nan	0.482610	nan
447	nan	nan	0.153400	0.375480	nan	0.193370	nan	0.439370	0.343810	0.438360	0.250610	0.416490	nan	0.482610	nan
739	nan	0.420570	0.588650	0.702990	0.603680	0.466790	0.678950	0.371950	0.346820	0.406770	nan	0.813370	0.737220	0.864780	nan
372	nan	0.420570	0.588650	0.702990	0.603680	0.466790	0.678950	0.371950	0.346820	0.406770	nan	0.813370	0.737220	0.864780	nan
765	nan	0.420570	0.588650	0.702990	0.603680	0.466790	0.678950	0.371950	0.346820	0.406770	nan	0.813370	0.737220	0.864780	nan
408	nan	0.681510	0.693400	0.550610	0.558410	0.643720	0.378830	0.426040	0.502960	0.656000	0.574540	0.372530	0.552210	0.823140	nan
572	nan	0.681510	0.693400	0.550610	0.558410	0.643720	0.378830	0.426040	0.502960	0.656000	0.574540	0.372530	0.552210	0.823140	nan
689	nan	nan	nan	nan	nan	0.643720	0.378830	0.426040	0.502960	0.656000	0.574540	0.372530	0.552210	0.823140	nan
530	nan	nan	nan	nan	nan	0.643720	0.378830	0.426040	0.502960	0.656000	0.574540	0.372530	0.552210	0.823140	nan
771	nan	nan	nan	nan	nan	0.643720	0.378830	0.426040	0.502960	0.656000	0.574540	0.372530	0.552210	0.823140	nan
434	nan	0.681510	0.693400	0.550610	0.558410	0.643720	0.378830	0.426040	0.502960	0.656000	0.574540	0.372530	0.552210	0.823140	nan
597	nan	nan	nan	nan	nan	0.643720	0.378830	0.426040	0.502960	0.656000	0.574540	0.372530	0.552210	0.823140	nan
795	nan	0.681510	0.693400	0.550610	0.558410	0.643720	0.378830	0.426040	0.502960	0.656000	0.574540	0.372530	0.552210	0.823140	nan
55	nan	0.441320	0.725960	0.578990	0.445030	0.636140	0.509190	0.621580	nan	0.588630	0.576660	0.561490	0.581240	0.472570	nan
243	nan	0.503780	0.384910	0.416010	nan	0.374240	0.297600	0.446300	0.441940	0.511850	nan	nan	0.308370	0.380750	nan
664	nan	0.640340	nan	nan	0.404900	0.419130	0.661520	0.377090	0.524700	0.243940	0.487620	0.213000	0.402650	0.278020	nan
394	0.978660	0.175670	0.285480	0.466340	0.482800	0.737800	0.430930	0.441630	0.384750	0.550230	0.631160	0.506390	0.362470	nan	0.463650
524	nan	0.175670	0.285480	0.466340	0.482800	0.737800	0.430930	0.441630	0.384750	0.550230	0.631160	0.506390	0.362470	nan	0.463650
396	nan	0.635110	0.285480	0.466340	0.482800	0.737800	0.430930	0.441630	0.384750	0.550230	0.631160	0.506390	0.362470	nan	0.463650
460	nan	0.175670	0.285480	0.466340	0.482800	0.737800	0.430930	0.441630	0.384750	0.550230	0.631160	0.506390	0.362470	nan	0.463650
334	nan	0.635110	0.285480	0.466340	0.482800	0.737800	0.430930	0.441630	0.384750	0.550230	0.631160	0.506390	0.362470	nan	0.463650
21	nan	0.175670	0.285480	0.466340	0.482800	0.737800	0.430930	0.441630	0.384750	0.550230	0.631160	0.506390	0.362470	nan	0.463650
537	nan	0.175670	0.285480	0.466340	0.482800	0.737800	0.430930	0.441630	0.384750	0.550230	0.631160	0.506390	0.362470	nan	0.463650
154	nan	0.175670	0.285480	0.466340	0.482800	0.737800	0.430930	0.441630	0.384750	0.550230	0.631160	0.506390	0.362470	nan	0.463650
666	nan	0.175670	0.285480	0.466340	0.482800	0.737800	0.430930	0.441630	0.384750	0.550230	0.631160	0.506390	0.362470	nan	0.463650
796	nan	0.635110	0.285480	0.466340	0.482800	0.737800	0.430930	0.441630	0.384750	0.550230	0.631160	0.506390	0.362470	nan	0.463650
288	nan	0.175670	0.285480	0.466340	0.482800	0.737800	0.430930	0.441630	0.384750	0.550230	0.631160	0.506390	0.362470	nan	0.463650
352	nan	0.635110	0.285480	0.466340	0.482800	0.737800	0.430930	0.441630	0.384750	0.550230	0.631160	0.506390	0.362470	nan	0.463650
36	nan	0.175670	0.285480	0.466340	0.482800	0.737800	0.430930	0.441630	0.384750	0.550230	0.631160	0.506390	0.362470	nan	0.463650
356	nan	0.175670	0.285480	0.466340	0.482800	0.737800	0.430930	0.441630	0.384750	0.550230	0.631160	0.506390	0.362470	nan	0.463650
101	nan	0.635110	0.285480	0.466340	0.482800	0.737800	0.430930	0.441630	0.384750	0.550230	0.631160	0.506390	0.362470	nan	0.463650
39	0.978660	0.175670	0.285480	0.466340	0.482800	0.737800	0.430930	0.441630	0.384750	0.550230	0.631160	0.506390	0.362470	nan	0.463650
752	nan	0.635110	0.285480	0.466340	0.482800	0.737800	0.430930	0.441630	0.384750	0.550230	0.631160	0.506390	0.362470	nan	0.463650
433	nan	0.175670	0.285480	0.466340	0.482800	0.737800	0.430930	0.441630	0.384750	0.550230	0.631160	0.506390	0.362470	nan	0.463650
690	0.978660	0.175670	0.285480	0.466340	0.482800	0.737800	0.430930	0.441630	0.384750	0.550230	0.631160	0.506390	0.362470	nan	0.463650
697	nan	0.635110	0.285480	0.466340	0.482800	0.737800	0.430930	0.441630	0.384750	0.550230	0.631160	0.506390	0.362470	nan	0.463650
710	nan	0.666680	0.626340	0.435990	0.267670	0.537660	0.497310	0.393520	0.382710	0.466270	nan	nan	0.292090	0.683910	0.403890
582	nan	0.366060	nan	0.435990	0.267670	0.537660	0.497310	0.393520	0.382710	0.466270	nan	nan	0.292090	0.683910	0.403890
267	nan	0.666680	0.626340	0.435990	0.267670	0.537660	0.497310	0.393520	0.382710	0.466270	nan	nan	0.292090	0.683910	0.403890
651	nan	0.666680	0.626340	0.435990	0.267670	0.537660	0.497310	0.393520	0.382710	0.466270	nan	nan	0.292090	0.683910	0.403890
333	nan	0.678420	0.626340	0.435990	0.267670	0.537660	0.497310	0.393520	0.382710	0.466270	nan	nan	0.292090	0.683910	0.403890
144	nan	0.366060	nan	0.435990	0.267670	0.537660	0.497310	0.393520	0.382710	0.466270	nan	nan	0.292090	0.683910	0.403890
529	nan	0.366060	nan	0.435990	0.267670	0.537660	0.497310	0.393520	0.382710	0.466270	nan	nan	0.292090	0.683910	0.403890
541	nan	0.366060	nan	0.435990	0.267670	0.537660	0.497310	0.393520	0.382710	0.466270	nan	nan	0.292090	0.683910	0.403890
94	nan	0.678420	0.626340	0.435990	0.267670	0.537660	0.497310	0.393520	0.382710	0.466270	nan	nan	0.292090	0.683910	0.403890
735	nan	0.678420	0.626340	0.435990	0.267670	0.537660	0.497310	0.393520	0.382710	0.466270	nan	nan	0.292090	0.683910	0.403890
162	nan	0.678420	0.626340	0.435990	0.267670	0.537660	0.497310	0.393520	0.382710	0.466270	nan	nan	0.292090	0.683910	0.403890
359	nan	0.678420	0.626340	0.435990	0.267670	0.537660	0.497310	0.393520	0.382710	0.466270	nan	nan	0.292090	0.683910	0.403890
747	nan	0.366060	nan	0.435990	0.267670	0.537660	0.497310	0.393520	0.382710	0.466270	nan	nan	0.292090	0.683910	0.403890
493	nan	0.678420	0.626340	0.435990	0.267670	0.537660	0.497310	0.393520	0.382710	0.466270	nan	nan	0.292090	0.683910	0.403890
242	nan	0.366060	nan	0.435990	0.267670	0.537660	0.497310	0.393520	0.382710	0.466270	nan	nan	0.292090	0.683910	0.403890
631	nan	0.666680	0.626340	0.435990	0.267670	0.537660	0.497310	0.393520	0.382710	0.466270	nan	nan	0.292090	0.683910	0.403890
315	nan	0.666680	0.626340	0.435990	0.267670	0.537660	0.497310	0.393520	0.382710	0.466270	nan	nan	0.292090	0.683910	0.403890
508	nan	0.666680	0.626340	0.435990	0.267670	0.537660	0.497310	0.393520	0.382710	0.466270	nan	nan	0.292090	0.683910	0.403890
125	nan	0.666680	0.626340	0.435990	0.267670	0.537660	0.497310	0.393520	0.382710	0.466270	nan	nan	0.292090	0.683910	0.403890
383	nan	0.366060	nan	0.435990	0.267670	0.537660	0.497310	0.393520	0.382710	0.466270	nan	nan	0.292090	0.683910	0.403890
1	nan	nan	0.224100	0.506430	0.614130	0.542270	0.511140	0.379830	0.600650	0.472850	0.457170	0.447530	nan	0.514640	0.425340
514	nan	0.504520	0.224100	0.506430	0.614130	0.542270	0.511140	0.379830	0.600650	0.472850	0.457170	0.447530	nan	0.514640	0.425340
321	nan	0.504520	0.224100	0.506430	0.614130	0.542270	0.511140	0.379830	0.600650	0.472850	0.457170	0.447530	nan	0.514640	0.425340
738	nan	0.504520	0.224100	0.506430	0.614130	0.542270	0.511140	0.379830	0.600650	0.472850	0.457170	0.447530	nan	0.514640	0.425340
299	nan	0.504520	0.224100	0.506430	0.614130	0.542270	0.511140	0.379830	0.600650	0.472850	0.457170	0.447530	nan	0.514640	0.425340
80	nan	0.504520	0.224100	0.506430	0.614130	0.542270	0.511140	0.379830	0.600650	0.472850	0.457170	0.447530	nan	0.514640	0.425340
703	nan	nan	0.224100	0.506430	0.614130	0.542270	0.511140	0.379830	0.600650	0.472850	0.457170	0.447530	nan	0.514640	0.425340
671	nan	nan	0.224100	0.506430	0.614130	0.542270	0.511140	0.379830	0.600650	0.472850	0.457170	0.447530	nan	0.514640	0.425340
84	nan	0.504520	0.224100	0.506430	0.614130	0.542270	0.511140	0.379830	0.600650	0.472850	0.457170	0.447530	nan	0.514640	0.425340
788	nan	nan	0.224100	0.506430	0.614130	0.542270	0.511140	0.379830	0.600650	0.472850	0.457170	0.447530	nan	0.514640	0.425340
54	nan	0.504520	0.224100	0.506430	0.614130	0.542270	0.511140	0.379830	0.600650	0.472850	0.457170	0.447530	nan	0.514640	0.425340
152	nan	0.504520	0.224100	0.506430	0.614130	0.542270	0.511140	0.379830	0.600650	0.472850	0.457170	0.447530	nan	0.514640	0.425340
93	nan	nan	0.224100	0.506430	0.614130	0.542270	0.511140	0.379830	0.600650	0.472850	0.457170	0.447530	nan	0.514640	0.425340
798	nan	0.504520	0.224100	0.506430	0.614130	0.542270	0.511140	0.379830	0.600650	0.472850	0.457170	0.447530	nan	0.514640	0.425340
287	nan	0.504520	0.224100	0.506430	0.614130	0.542270	0.511140	0.379830	0.600650	0.472850	0.457170	0.447530	nan	0.514640	0.425340
704	nan	0.411910	nan	0.783080	0.562430	0.282400	0.429540	0.579330	0.505370	0.763250	0.422330	0.511500	0.310550	0.615580	0.744950
2	nan	0.411910	nan	0.783080	0.562430	0.282400	0.429540	0.579330	0.505370	0.763250	0.422330	0.511500	0.310550	0.615580	0.744950
130	nan	0.411910	nan	0.783080	0.562430	0.282400	0.429540	0.579330	0.505370	0.763250	0.422330	0.511500	0.310550	0.615580	0.744950
357	nan	0.411910	nan	0.783080	0.562430	0.282400	0.429540	0.579330	0.505370	0.763250	0.422330	0.511500	0.310550	0.615580	0.744950
296	nan	0.411910	nan	0.783080	0.562430	0.282400	0.429540	0.579330	0.505370	0.763250	0.422330	0.511500	0.310550	0.615580	0.744950
521	nan	0.411910	nan	0.783080	0.562430	0.282400	0.429540	0.579330	0.505370	0.763250	0.422330	0.511500	0.310550	0.615580	0.744950
490	nan	0.411910	nan	0.783080	0.562430	0.282400	0.429540	0.579330	0.505370	0.763250	0.422330	0.511500	0.310550	0.615580	0.744950
49	nan	0.411910	nan	0.783080	0.562430	0.282400	0.429540	0.579330	0.505370	0.763250	0.422330	0.511500	0.310550	0.615580	0.744950
658	nan	0.411910	nan	0.783080	0.562430	0.282400	0.429540	0.579330	0.505370	0.763250	0.422330	0.511500	0.310550	0.615580	0.744950
761	nan	0.411910	nan	0.783080	0.562430	0.282400	0.429540	0.579330	0.505370	0.763250	0.422330	0.511500	0.310550	0.615580	0.744950
505	nan	0.411910	nan	0.783080	0.562430	0.282400	0.429540	0.579330	0.505370	0.763250	0.422330	0.511500	0.310550	0.615580	0.744950
603	nan	0.411910	nan	0.783080	0.562430	0.282400	0.429540	0.579330	0.505370	0.763250	0.422330	0.511500	0.310550	0.615580	0.744950
3	nan	0.375760	0.662200	0.523160	0.654790	0.573040	0.644490	0.565360	0.569770	0.618860	0.413090	0.523050	0.525250	nan	0.478290
174	nan	0.375760	0.662200	0.523160	0.654790	0.573040	0.644490	0.565360	0.569770	0.618860	0.413090	0.523050	0.525250	nan	0.478290
302	nan	0.375760	0.662200	0.523160	0.654790	0.573040	0.644490	0.565360	0.569770	0.618860	0.413090	0.523050	0.525250	nan	0.478290
336	nan	0.375760	0.662200	0.523160	0.654790	0.573040	0.644490	0.565360	0.569770	0.618860	0.413090	0.523050	0.525250	nan	0.478290
52	nan	0.375760	0.662200	0.523160	0.654790	0.573040	0.644490	0.565360	0.569770	0.618860	0.413090	0.523050	0.525250	nan	0.478290
246	nan	0.375760	0.662200	0.523160	0.654790	0.573040	0.644490	0.565360	0.569770	0.618860	0.413090	0.523050	0.525250	nan	0.478290
763	nan	0.375760	0.662200	0.523160	0.654790	0.573040	0.644490	0.565360	0.569770	0.618860	0.413090	0.523050	0.525250	nan	0.478290
4	nan	0.714100	0.390100	0.480550	0.425880	0.179560	nan	0.563940	0.500440	0.292220	0.466740	nan	nan	0.429810	0.456770
135	nan	0.780580	0.647650	0.799190	0.894320	0.397030	0.544410	0.619010	0.525450	0.448350	0.646210	0.465290	0.399780	0.639060	0.456770
776	nan	0.780580	0.647650	0.799190	0.894320	0.397030	0.544410	0.619010	0.525450	0.448350	0.646210	0.465290	0.399780	0.639060	0.456770
777	nan	nan	nan	nan	nan	nan	0.544410	0.619010	0.525450	0.448350	0.646210	0.465290	0.399780	0.639060	0.456770
14	nan	nan	0.390100	0.480550	0.425880	0.179560	nan	0.563940	0.500440	0.292220	0.466740	nan	nan	0.429810	0.456770
404	nan	nan	nan	nan	nan	nan	0.544410	0.619010	0.525450	0.448350	0.646210	0.465290	0.399780	0.639060	0.456770
159	0.978660	nan	nan	nan	nan	nan	0.544410	0.619010	0.525450	0.448350	0.646210	0.465290	0.399780	0.639060	0.456770
426	nan	nan	0.390100	0.480550	0.425880	0.179560	nan	0.563940	0.500440	0.292220	0.466740	nan	nan	0.429810	0.456770
42	nan	0.780580	0.647650	0.799190	0.894320	0.397030	0.544410	0.619010	0.525450	0.448350	0.646210	0.465290	0.399780	0.639060	0.456770
428	nan	0.780580	0.647650	0.799190	0.894320	0.397030	0.544410	0.619010	0.525450	0.448350	0.646210	0.465290	0.399780	0.639060	0.456770
69	nan	0.780580	0.647650	0.799190	0.894320	0.397030	0.544410	0.619010	0.525450	0.448350	0.646210	0.465290	0.399780	0.639060	0.456770
454	nan	0.714100	0.390100	0.480550	0.425880	0.179560	nan	0.563940	0.500440	0.292220	0.466740	nan	nan	0.429810	0.456770
463	nan	0.714100	0.390100	0.480550	0.425880	0.179560	nan	0.563940	0.500440	0.292220	0.466740	nan	nan	0.429810	0.456770
209	nan	nan	nan	nan	nan	nan	0.544410	0.619010	0.525450	0.448350	0.646210	0.465290	0.399780	0.639060	0.456770
724	nan	nan	nan	nan	nan	nan	0.544410	0.619010	0.525450	0.448350	0.646210	0.465290	0.399780	0.639060	0.456770
219	nan	nan	0.390100	0.480550	0.425880	0.179560	nan	0.563940	0.500440	0.292220	0.466740	nan	nan	0.429810	0.456770
226	nan	0.780580	0.647650	0.799190	0.894320	0.397030	0.544410	0.619010	0.525450	0.448350	0.646210	0.465290	0.399780	0.639060	0.456770
486	nan	0.714100	0.390100	0.480550	0.425880	0.179560	nan	0.563940	0.500440	0.292220	0.466740	nan	nan	0.429810	0.456770
117	nan	0.714100	0.390100	0.480550	0.425880	0.179560	nan	0.563940	0.500440	0.292220	0.466740	nan	nan	0.429810	0.456770
639	nan	0.714100	0.390100	0.480550	0.425880	0.179560	nan	0.563940	0.500440	0.292220	0.466740	nan	nan	0.429810	0.456770
736	nan	0.610460	0.622170	0.634980	0.534870	0.633750	0.443760	0.538550	0.400510	0.345680	0.498380	0.442920	0.364420	nan	0.566740
386	nan	0.571980	0.622170	0.634980	0.534870	0.633750	0.443760	0.538550	0.400510	0.345680	0.498380	0.442920	0.364420	nan	0.566740
185	nan	nan	0.622170	0.634980	0.534870	0.633750	0.443760	0.538550	0.400510	0.345680	0.498380	0.442920	0.364420	nan	0.566740
5	nan	0.610460	0.622170	0.634980	0.534870	0.633750	0.443760	0.538550	0.400510	0.345680	0.498380	0.442920	0.364420	nan	0.566740
709	nan	0.610460	0.622170	0.634980	0.534870	0.633750	0.443760	0.538550	0.400510	0.345680	0.498380	0.442920	0.364420	nan	0.566740
615	nan	0.610460	0.622170	0.634980	0.534870	0.633750	0.443760	0.538550	0.400510	0.345680	0.498380	0.442920	0.364420	nan	0.566740
682	nan	0.571980	0.622170	0.634980	0.534870	0.633750	0.443760	0.538550	0.400510	0.345680	0.498380	0.442920	0.364420	nan	0.566740
13	nan	0.571980	0.622170	0.634980	0.534870	0.633750	0.443760	0.538550	0.400510	0.345680	0.498380	0.442920	0.364420	nan	0.566740
685	nan	0.571980	0.622170	0.634980	0.534870	0.633750	0.443760	0.538550	0.400510	0.345680	0.498380	0.442920	0.364420	nan	0.566740
782	nan	0.571980	0.622170	0.634980	0.534870	0.633750	0.443760	0.538550	0.400510	0.345680	0.498380	0.442920	0.364420	nan	0.566740
692	nan	0.610460	0.622170	0.634980	0.534870	0.633750	0.443760	0.538550	0.400510	0.345680	0.498380	0.442920	0.364420	nan	0.566740
213	nan	0.571980	0.622170	0.634980	0.534870	0.633750	0.443760	0.538550	0.400510	0.345680	0.498380	0.442920	0.364420	nan	0.566740
661	nan	0.571980	0.622170	0.634980	0.534870	0.633750	0.443760	0.538550	0.400510	0.345680	0.498380	0.442920	0.364420	nan	0.566740
121	nan	nan	0.622170	0.634980	0.534870	0.633750	0.443760	0.538550	0.400510	0.345680	0.498380	0.442920	0.364420	nan	0.566740
61	nan	0.610460	0.622170	0.634980	0.534870	0.633750	0.443760	0.538550	0.400510	0.345680	0.498380	0.442920	0.364420	nan	0.566740
6	nan	0.723310	nan	0.664690	0.490310	0.143370	0.667790	0.340860	nan	0.699870	0.606130	0.556880	0.202220	0.465480	0.422220
745	nan	0.723310	nan	0.664690	0.490310	0.143370	0.667790	0.340860	nan	0.699870	0.606130	0.556880	0.202220	0.465480	0.422220
297	nan	0.723310	nan	0.664690	0.490310	0.143370	0.667790	0.340860	nan	0.699870	0.606130	0.556880	0.202220	0.465480	0.422220
686	nan	0.723310	nan	0.664690	0.490310	0.143370	0.667790	0.340860	nan	0.699870	0.606130	0.556880	0.202220	0.465480	0.422220
789	nan	0.723310	nan	0.664690	0.490310	0.143370	0.667790	0.340860	nan	0.699870	0.606130	0.556880	0.202220	0.465480	0.422220
502	nan	0.723310	nan	0.664690	0.490310	0.143370	0.667790	0.340860	nan	0.699870	0.606130	0.556880	0.202220	0.465480	0.422220
607	nan	0.723310	nan	0.664690	0.490310	0.143370	0.667790	0.340860	nan	0.699870	0.606130	0.556880	0.202220	0.465480	0.422220
547	nan	0.635190	0.535420	0.395430	0.689390	0.362550	0.522780	0.481620	0.487880	0.435310	0.594770	0.650210	0.648480	0.555740	0.353530
773	nan	0.635190	0.535420	0.395430	0.689390	0.362550	0.522780	0.481620	0.487880	0.435310	0.594770	0.650210	0.648480	0.555740	0.353530
677	nan	0.635190	0.535420	0.395430	0.689390	0.362550	0.522780	0.481620	0.487880	0.435310	0.594770	0.650210	0.648480	0.555740	0.353530
7	nan	nan	0.535420	0.395430	0.689390	0.362550	0.522780	0.481620	0.487880	0.435310	0.594770	0.650210	0.648480	0.555740	0.353530
648	nan	nan	0.535420	0.395430	0.689390	0.362550	0.522780	0.481620	0.487880	0.435310	0.594770	0.650210	0.648480	0.555740	0.353530
743	nan	0.635190	0.535420	0.395430	0.689390	0.362550	0.522780	0.481620	0.487880	0.435310	0.594770	0.650210	0.648480	0.555740	0.353530
390	nan	nan	0.535420	0.395430	0.689390	0.362550	0.522780	0.481620	0.487880	0.435310	0.594770	0.650210	0.648480	0.555740	0.353530
236	nan	nan	0.535420	0.395430	0.689390	0.362550	0.522780	0.481620	0.487880	0.435310	0.594770	0.650210	0.648480	0.555740	0.353530
270	nan	nan	0.535420	0.395430	0.689390	0.362550	0.522780	0.481620	0.487880	0.435310	0.594770	0.650210	0.648480	0.555740	0.353530
591	nan	0.635190	0.535420	0.395430	0.689390	0.362550	0.522780	0.481620	0.487880	0.435310	0.594770	0.650210	0.648480	0.555740	0.353530
273	nan	0.635190	0.535420	0.395430	0.689390	0.362550	0.522780	0.481620	0.487880	0.435310	0.594770	0.650210	0.648480	0.555740	0.353530
440	nan	nan	0.535420	0.395430	0.689390	0.362550	0.522780	0.481620	0.487880	0.435310	0.594770	0.650210	0.648480	0.555740	0.353530
59	nan	0.635190	0.535420	0.395430	0.689390	0.362550	0.522780	0.481620	0.487880	0.435310	0.594770	0.650210	0.648480	0.555740	0.353530
286	nan	0.635190	0.535420	0.395430	0.689390	0.362550	0.522780	0.481620	0.487880	0.435310	0.594770	0.650210	0.648480	0.555740	0.353530
319	nan	0.635190	0.535420	0.395430	0.689390	0.362550	0.522780	0.481620	0.487880	0.435310	0.594770	0.650210	0.648480	0.555740	0.353530
544	nan	0.590110	0.552020	0.609100	0.548040	0.116370	0.300280	0.523140	0.557550	0.196680	0.298830	0.567990	0.337630	0.702620	0.390500
419	nan	0.407030	0.654180	0.609100	0.548040	0.116370	0.300280	0.523140	0.557550	0.196680	0.298830	0.567990	0.337630	0.702620	0.390500
195	nan	0.590110	0.552020	0.609100	0.548040	0.116370	0.300280	0.523140	0.557550	0.196680	0.298830	0.567990	0.337630	0.702620	0.390500
485	nan	0.590110	0.552020	0.609100	0.548040	0.116370	0.300280	0.523140	0.557550	0.196680	0.298830	0.567990	0.337630	0.702620	0.390500
8	nan	0.590110	0.552020	0.609100	0.548040	0.116370	0.300280	0.523140	0.557550	0.196680	0.298830	0.567990	0.337630	0.702620	0.390500
27	nan	0.590110	0.552020	0.609100	0.548040	0.116370	0.300280	0.523140	0.557550	0.196680	0.298830	0.567990	0.337630	0.702620	0.390500
300	nan	0.590110	0.552020	0.609100	0.548040	0.116370	0.300280	0.523140	0.557550	0.196680	0.298830	0.567990	0.337630	0.702620	0.390500
46	nan	0.590110	0.552020	0.609100	0.548040	0.116370	0.300280	0.523140	0.557550	0.196680	0.298830	0.567990	0.337630	0.702620	0.390500
16	nan	0.407030	0.654180	0.609100	0.548040	0.116370	0.300280	0.523140	0.557550	0.196680	0.298830	0.567990	0.337630	0.702620	0.390500
438	nan	0.590110	0.552020	0.609100	0.548040	0.116370	0.300280	0.523140	0.557550	0.196680	0.298830	0.567990	0.337630	0.702620	0.390500
503	nan	0.407030	0.654180	0.609100	0.548040	0.116370	0.300280	0.523140	0.557550	0.196680	0.298830	0.567990	0.337630	0.702620	0.390500
183	nan	0.590110	0.552020	0.609100	0.548040	0.116370	0.300280	0.523140	0.557550	0.196680	0.298830	0.567990	0.337630	0.702620	0.390500
283	nan	0.407030	0.654180	0.609100	0.548040	0.116370	0.300280	0.523140	0.557550	0.196680	0.298830	0.567990	0.337630	0.702620	0.390500
700	nan	0.407030	0.654180	0.609100	0.548040	0.116370	0.300280	0.523140	0.557550	0.196680	0.298830	0.567990	0.337630	0.702620	0.390500
413	nan	0.407030	0.654180	0.609100	0.548040	0.116370	0.300280	0.523140	0.557550	0.196680	0.298830	0.567990	0.337630	0.702620	0.390500
641	nan	nan	0.686430	0.435070	0.570900	0.362730	nan	0.651050	0.321020	0.784480	0.696480	0.493100	nan	0.377000	0.283530
98	nan	nan	0.686430	0.435070	0.570900	0.362730	nan	0.651050	0.321020	0.784480	0.696480	0.493100	nan	0.377000	0.283530
452	nan	nan	0.686430	0.435070	0.570900	0.362730	nan	0.651050	0.321020	0.784480	0.696480	0.493100	nan	0.377000	0.283530
516	nan	nan	0.686430	0.435070	0.570900	0.362730	nan	0.651050	0.321020	0.784480	0.696480	0.493100	nan	0.377000	0.283530
10	nan	nan	0.686430	0.435070	0.570900	0.362730	nan	0.651050	0.321020	0.784480	0.696480	0.493100	nan	0.377000	0.283530
586	nan	nan	0.686430	0.435070	0.570900	0.362730	nan	0.651050	0.321020	0.784480	0.696480	0.493100	nan	0.377000	0.283530
110	nan	nan	0.686430	0.435070	0.570900	0.362730	nan	0.651050	0.321020	0.784480	0.696480	0.493100	nan	0.377000	0.283530
499	nan	nan	0.686430	0.435070	0.570900	0.362730	nan	0.651050	0.321020	0.784480	0.696480	0.493100	nan	0.377000	0.283530
533	nan	nan	0.686430	0.435070	0.570900	0.362730	nan	0.651050	0.321020	0.784480	0.696480	0.493100	nan	0.377000	0.283530
96	nan	0.691280	0.470390	0.452240	0.505950	0.564040	0.214050	0.255980	nan	0.412680	0.800560	0.594010	0.394850	0.504590	0.435220
480	nan	0.691280	0.470390	0.452240	0.505950	0.564040	0.214050	0.255980	nan	0.412680	0.800560	0.594010	0.394850	0.504590	0.435220
227	nan	0.691280	0.470390	0.452240	0.505950	0.564040	0.214050	0.255980	nan	0.412680	0.800560	0.594010	0.394850	0.504590	0.435220
102	nan	0.691280	0.470390	0.452240	0.505950	0.564040	0.214050	0.255980	nan	0.412680	0.800560	0.594010	0.394850	0.504590	0.435220
43	nan	0.691280	0.470390	0.452240	0.505950	0.564040	0.214050	0.255980	nan	0.412680	0.800560	0.594010	0.394850	0.504590	0.435220
461	nan	0.691280	0.470390	0.452240	0.505950	0.564040	0.214050	0.255980	nan	0.412680	0.800560	0.594010	0.394850	0.504590	0.435220
15	nan	0.691280	0.470390	0.452240	0.505950	0.564040	0.214050	0.255980	nan	0.412680	0.800560	0.594010	0.394850	0.504590	0.435220
723	nan	0.691280	0.470390	0.452240	0.505950	0.564040	0.214050	0.255980	nan	0.412680	0.800560	0.594010	0.394850	0.504590	0.435220
472	nan	0.691280	0.470390	0.452240	0.505950	0.564040	0.214050	0.255980	nan	0.412680	0.800560	0.594010	0.394850	0.504590	0.435220
794	nan	0.691280	0.470390	0.452240	0.505950	0.564040	0.214050	0.255980	nan	0.412680	0.800560	0.594010	0.394850	0.504590	0.435220
446	nan	0.691280	0.470390	0.452240	0.505950	0.564040	0.214050	0.255980	nan	0.412680	0.800560	0.594010	0.394850	0.504590	0.435220
799	nan	0.691280	0.470390	0.452240	0.505950	0.564040	0.214050	0.255980	nan	0.412680	0.800560	0.594010	0.394850	0.504590	0.435220
398	nan	nan	0.653230	0.568010	0.509850	nan	0.570400	0.484910	0.566290	0.318720	0.383940	0.362020	0.338390	0.633280	0.428470
401	nan	0.377830	0.653230	0.568010	0.509850	nan	0.570400	0.484910	0.566290	0.318720	0.383940	0.362020	0.338390	0.633280	0.428470
18	nan	0.377830	0.653230	0.568010	0.509850	nan	0.570400	0.484910	0.566290	0.318720	0.383940	0.362020	0.338390	0.633280	0.428470
402	nan	nan	nan	nan	0.627660	0.436260	0.570400	0.484910	0.566290	0.318720	0.383940	0.362020	0.338390	0.633280	0.428470
532	nan	0.377830	0.653230	0.568010	0.509850	nan	0.570400	0.484910	0.566290	0.318720	0.383940	0.362020	0.338390	0.633280	0.428470
415	nan	nan	nan	nan	0.627660	0.436260	0.570400	0.484910	0.566290	0.318720	0.383940	0.362020	0.338390	0.633280	0.428470
800	nan	0.377830	0.653230	0.568010	0.509850	nan	0.570400	0.484910	0.566290	0.318720	0.383940	0.362020	0.338390	0.633280	0.428470
676	nan	nan	nan	nan	0.627660	0.436260	0.570400	0.484910	0.566290	0.318720	0.383940	0.362020	0.338390	0.633280	0.428470
165	nan	0.377830	0.653230	0.568010	0.509850	nan	0.570400	0.484910	0.566290	0.318720	0.383940	0.362020	0.338390	0.633280	0.428470
551	nan	nan	nan	nan	0.627660	0.436260	0.570400	0.484910	0.566290	0.318720	0.383940	0.362020	0.338390	0.633280	0.428470
172	nan	nan	0.653230	0.568010	0.509850	nan	0.570400	0.484910	0.566290	0.318720	0.383940	0.362020	0.338390	0.633280	0.428470
309	nan	nan	0.653230	0.568010	0.509850	nan	0.570400	0.484910	0.566290	0.318720	0.383940	0.362020	0.338390	0.633280	0.428470
312	nan	nan	nan	nan	0.627660	0.436260	0.570400	0.484910	0.566290	0.318720	0.383940	0.362020	0.338390	0.633280	0.428470
58	nan	nan	nan	nan	0.627660	0.436260	0.570400	0.484910	0.566290	0.318720	0.383940	0.362020	0.338390	0.633280	0.428470
75	nan	nan	nan	nan	0.627660	0.436260	0.570400	0.484910	0.566290	0.318720	0.383940	0.362020	0.338390	0.633280	0.428470
89	nan	0.377830	0.653230	0.568010	0.509850	nan	0.570400	0.484910	0.566290	0.318720	0.383940	0.362020	0.338390	0.633280	0.428470
92	nan	nan	nan	nan	0.627660	0.436260	0.570400	0.484910	0.566290	0.318720	0.383940	0.362020	0.338390	0.633280	0.428470
611	nan	0.377830	0.653230	0.568010	0.509850	nan	0.570400	0.484910	0.566290	0.318720	0.383940	0.362020	0.338390	0.633280	0.428470
366	nan	nan	nan	nan	0.627660	0.436260	0.570400	0.484910	0.566290	0.318720	0.383940	0.362020	0.338390	0.633280	0.428470
115	nan	0.377830	0.653230	0.568010	0.509850	nan	0.570400	0.484910	0.566290	0.318720	0.383940	0.362020	0.338390	0.633280	0.428470
504	nan	nan	nan	nan	0.627660	0.436260	0.570400	0.484910	0.566290	0.318720	0.383940	0.362020	0.338390	0.633280	0.428470
609	nan	0.580390	0.502880	0.204330	nan	0.564800	0.605700	0.566590	0.642980	0.591310	0.581130	nan	0.439220	0.562760	0.467350
488	nan	0.580390	0.502880	0.204330	nan	0.564800	0.605700	0.566590	0.642980	0.591310	0.581130	nan	0.439220	0.562760	0.467350
218	nan	nan	0.502880	0.204330	nan	0.564800	0.605700	0.566590	0.642980	0.591310	0.581130	nan	0.439220	0.562760	0.467350
331	nan	0.580390	0.502880	0.204330	nan	0.564800	0.605700	0.566590	0.642980	0.591310	0.581130	nan	0.439220	0.562760	0.467350
511	nan	nan	0.502880	0.204330	nan	0.564800	0.605700	0.566590	0.642980	0.591310	0.581130	nan	0.439220	0.562760	0.467350
269	nan	nan	0.502880	0.204330	nan	0.564800	0.605700	0.566590	0.642980	0.591310	0.581130	nan	0.439220	0.562760	0.467350
19	nan	0.580390	0.502880	0.204330	nan	0.564800	0.605700	0.566590	0.642980	0.591310	0.581130	nan	0.439220	0.562760	0.467350
276	nan	0.580390	0.502880	0.204330	nan	0.564800	0.605700	0.566590	0.642980	0.591310	0.581130	nan	0.439220	0.562760	0.467350
535	nan	0.580390	0.502880	0.204330	nan	0.564800	0.605700	0.566590	0.642980	0.591310	0.581130	nan	0.439220	0.562760	0.467350
153	nan	0.580390	0.502880	0.204330	nan	0.564800	0.605700	0.566590	0.642980	0.591310	0.581130	nan	0.439220	0.562760	0.467350
538	nan	nan	0.502880	0.204330	nan	0.564800	0.605700	0.566590	0.642980	0.591310	0.581130	nan	0.439220	0.562760	0.467350
668	nan	0.580390	0.502880	0.204330	nan	0.564800	0.605700	0.566590	0.642980	0.591310	0.581130	nan	0.439220	0.562760	0.467350
734	nan	0.580390	0.502880	0.204330	nan	0.564800	0.605700	0.566590	0.642980	0.591310	0.581130	nan	0.439220	0.562760	0.467350
575	nan	0.580390	0.502880	0.204330	nan	0.564800	0.605700	0.566590	0.642980	0.591310	0.581130	nan	0.439220	0.562760	0.467350
417	nan	nan	0.408590	0.477200	0.673180	0.659060	0.651840	0.334370	nan	0.768210	0.784300	nan	0.393280	0.408410	0.718630
38	nan	nan	0.408590	0.477200	0.673180	0.659060	0.651840	0.334370	nan	0.768210	0.784300	nan	0.393280	0.408410	0.718630
593	nan	nan	0.408590	0.477200	0.673180	0.659060	0.651840	0.334370	nan	0.768210	0.784300	nan	0.393280	0.408410	0.718630
114	nan	nan	0.408590	0.477200	0.673180	0.659060	0.651840	0.334370	nan	0.768210	0.784300	nan	0.393280	0.408410	0.718630
22	nan	nan	0.408590	0.477200	0.673180	0.659060	0.651840	0.334370	nan	0.768210	0.784300	nan	0.393280	0.408410	0.718630
407	nan	nan	0.408590	0.477200	0.673180	0.659060	0.651840	0.334370	nan	0.768210	0.784300	nan	0.393280	0.408410	0.718630
696	nan	nan	0.408590	0.477200	0.673180	0.659060	0.651840	0.334370	nan	0.768210	0.784300	nan	0.393280	0.408410	0.718630
475	nan	nan	0.408590	0.477200	0.673180	0.659060	0.651840	0.334370	nan	0.768210	0.784300	nan	0.393280	0.408410	0.718630
636	nan	nan	0.408590	0.477200	0.673180	0.659060	0.651840	0.334370	nan	0.768210	0.784300	nan	0.393280	0.408410	0.718630
445	nan	nan	0.408590	0.477200	0.673180	0.659060	0.651840	0.334370	nan	0.768210	0.784300	nan	0.393280	0.408410	0.718630
260	nan	0.343260	nan	0.484460	0.623600	0.478410	0.503410	0.645230	0.774830	0.661050	0.382540	0.458920	0.105530	0.311960	0.463990
389	nan	nan	0.495690	nan	0.486630	0.631680	0.442680	0.432800	0.326870	0.661050	0.382540	0.458920	0.105530	0.311960	0.463990
783	nan	0.343260	nan	0.484460	0.623600	0.478410	0.503410	0.645230	0.774830	0.661050	0.382540	0.458920	0.105530	0.311960	0.463990
784	nan	0.655810	0.495690	nan	0.486630	0.631680	0.442680	0.432800	0.326870	0.661050	0.382540	0.458920	0.105530	0.311960	0.463990
148	nan	nan	0.495690	nan	0.486630	0.631680	0.442680	0.432800	0.326870	0.661050	0.382540	0.458920	0.105530	0.311960	0.463990
150	nan	nan	0.495690	nan	0.486630	0.631680	0.442680	0.432800	0.326870	0.661050	0.382540	0.458920	0.105530	0.311960	0.463990
23	nan	0.655810	0.495690	nan	0.486630	0.631680	0.442680	0.432800	0.326870	0.661050	0.382540	0.458920	0.105530	0.311960	0.463990
562	nan	0.655810	0.495690	nan	0.486630	0.631680	0.442680	0.432800	0.326870	0.661050	0.382540	0.458920	0.105530	0.311960	0.463990
310	nan	0.343260	nan	0.484460	0.623600	0.478410	0.503410	0.645230	0.774830	0.661050	0.382540	0.458920	0.105530	0.311960	0.463990
323	nan	0.655810	0.495690	nan	0.486630	0.631680	0.442680	0.432800	0.326870	0.661050	0.382540	0.458920	0.105530	0.311960	0.463990
581	nan	0.343260	nan	0.484460	0.623600	0.478410	0.503410	0.645230	0.774830	0.661050	0.382540	0.458920	0.105530	0.311960	0.463990
198	nan	0.655810	0.495690	nan	0.486630	0.631680	0.442680	0.432800	0.326870	0.661050	0.382540	0.458920	0.105530	0.311960	0.463990
462	nan	0.655810	0.495690	nan	0.486630	0.631680	0.442680	0.432800	0.326870	0.661050	0.382540	0.458920	0.105530	0.311960	0.463990
596	nan	nan	0.495690	nan	0.486630	0.631680	0.442680	0.432800	0.326870	0.661050	0.382540	0.458920	0.105530	0.311960	0.463990
610	nan	0.343260	nan	0.484460	0.623600	0.478410	0.503410	0.645230	0.774830	0.661050	0.382540	0.458920	0.105530	0.311960	0.463990
354	nan	0.343260	nan	0.484460	0.623600	0.478410	0.503410	0.645230	0.774830	0.661050	0.382540	0.458920	0.105530	0.311960	0.463990
358	nan	nan	0.495690	nan	0.486630	0.631680	0.442680	0.432800	0.326870	0.661050	0.382540	0.458920	0.105530	0.311960	0.463990
749	nan	0.343260	nan	0.484460	0.623600	0.478410	0.503410	0.645230	0.774830	0.661050	0.382540	0.458920	0.105530	0.311960	0.463990
500	nan	nan	0.495690	nan	0.486630	0.631680	0.442680	0.432800	0.326870	0.661050	0.382540	0.458920	0.105530	0.311960	0.463990
448	nan	nan	0.734920	0.368230	0.272570	nan	0.422560	0.455650	0.611230	0.711870	0.466890	0.420140	0.423230	0.430020	0.503980
673	nan	nan	0.734920	0.368230	0.272570	nan	0.422560	0.455650	0.611230	0.711870	0.466890	0.420140	0.423230	0.430020	0.503980
131	nan	nan	0.734920	0.368230	0.272570	nan	0.422560	0.455650	0.611230	0.711870	0.466890	0.420140	0.423230	0.430020	0.503980
644	nan	nan	nan	0.368230	0.272570	nan	0.422560	0.455650	0.611230	0.711870	0.466890	0.420140	0.423230	0.430020	0.503980
774	nan	nan	nan	0.368230	0.272570	nan	0.422560	0.455650	0.611230	0.711870	0.466890	0.420140	0.423230	0.430020	0.503980
712	nan	nan	0.734920	0.368230	0.272570	nan	0.422560	0.455650	0.611230	0.711870	0.466890	0.420140	0.423230	0.430020	0.503980
409	nan	nan	0.734920	0.368230	0.272570	nan	0.422560	0.455650	0.611230	0.711870	0.466890	0.420140	0.423230	0.430020	0.503980
523	nan	nan	nan	0.368230	0.272570	nan	0.422560	0.455650	0.611230	0.711870	0.466890	0.420140	0.423230	0.430020	0.503980
554	0.978660	nan	nan	0.368230	0.272570	nan	0.422560	0.455650	0.611230	0.711870	0.466890	0.420140	0.423230	0.430020	0.503980
684	nan	nan	0.734920	0.368230	0.272570	nan	0.422560	0.455650	0.611230	0.711870	0.466890	0.420140	0.423230	0.430020	0.503980
654	0.978660	nan	nan	0.368230	0.272570	nan	0.422560	0.455650	0.611230	0.711870	0.466890	0.420140	0.423230	0.430020	0.503980
24	nan	nan	0.734920	0.368230	0.272570	nan	0.422560	0.455650	0.611230	0.711870	0.466890	0.420140	0.423230	0.430020	0.503980
345	nan	nan	0.734920	0.368230	0.272570	nan	0.422560	0.455650	0.611230	0.711870	0.466890	0.420140	0.423230	0.430020	0.503980
257	nan	0.676790	0.451210	0.416760	0.571300	0.504780	0.636500	0.667960	0.455290	0.515070	0.544960	0.513600	0.456240	0.392130	0.530350
266	nan	nan	nan	nan	0.631570	nan	0.724150	0.667960	0.455290	0.515070	0.544960	0.513600	0.456240	0.392130	0.530350
268	nan	nan	nan	nan	0.631570	nan	0.724150	0.667960	0.455290	0.515070	0.544960	0.513600	0.456240	0.392130	0.530350
528	nan	0.676790	0.451210	0.416760	0.571300	0.504780	0.636500	0.667960	0.455290	0.515070	0.544960	0.513600	0.456240	0.392130	0.530350
30	nan	0.676790	0.451210	0.416760	0.571300	0.504780	0.636500	0.667960	0.455290	0.515070	0.544960	0.513600	0.456240	0.392130	0.530350
289	nan	nan	nan	nan	0.631570	nan	0.724150	0.667960	0.455290	0.515070	0.544960	0.513600	0.456240	0.392130	0.530350
558	nan	0.676790	0.451210	0.416760	0.571300	0.504780	0.636500	0.667960	0.455290	0.515070	0.544960	0.513600	0.456240	0.392130	0.530350
307	nan	nan	nan	nan	0.631570	nan	0.724150	0.667960	0.455290	0.515070	0.544960	0.513600	0.456240	0.392130	0.530350
567	nan	0.676790	0.451210	0.416760	0.571300	0.504780	0.636500	0.667960	0.455290	0.515070	0.544960	0.513600	0.456240	0.392130	0.530350
571	nan	0.676790	0.451210	0.416760	0.571300	0.504780	0.636500	0.667960	0.455290	0.515070	0.544960	0.513600	0.456240	0.392130	0.530350
62	nan	0.676790	0.451210	0.416760	0.571300	0.504780	0.636500	0.667960	0.455290	0.515070	0.544960	0.513600	0.456240	0.392130	0.530350
64	nan	nan	nan	nan	0.631570	nan	0.724150	0.667960	0.455290	0.515070	0.544960	0.513600	0.456240	0.392130	0.530350
327	nan	nan	nan	nan	0.631570	nan	0.724150	0.667960	0.455290	0.515070	0.544960	0.513600	0.456240	0.392130	0.530350
329	nan	0.676790	0.451210	0.416760	0.571300	0.504780	0.636500	0.667960	0.455290	0.515070	0.544960	0.513600	0.456240	0.392130	0.530350
458	nan	nan	nan	nan	0.631570	nan	0.724150	0.667960	0.455290	0.515070	0.544960	0.513600	0.456240	0.392130	0.530350
464	nan	0.676790	0.451210	0.416760	0.571300	0.504780	0.636500	0.667960	0.455290	0.515070	0.544960	0.513600	0.456240	0.392130	0.530350
88	nan	0.676790	0.451210	0.416760	0.571300	0.504780	0.636500	0.667960	0.455290	0.515070	0.544960	0.513600	0.456240	0.392130	0.530350
601	nan	nan	nan	nan	0.631570	nan	0.724150	0.667960	0.455290	0.515070	0.544960	0.513600	0.456240	0.392130	0.530350
90	nan	nan	nan	nan	0.631570	nan	0.724150	0.667960	0.455290	0.515070	0.544960	0.513600	0.456240	0.392130	0.530350
621	nan	0.676790	0.451210	0.416760	0.571300	0.504780	0.636500	0.667960	0.455290	0.515070	0.544960	0.513600	0.456240	0.392130	0.530350
256	nan	nan	0.674740	nan	0.608150	0.524560	0.525560	0.600760	nan	0.514330	nan	0.278200	0.467030	0.334250	0.472770
515	nan	0.481410	0.562420	0.398630	0.436830	0.463920	0.506720	0.446330	0.693890	0.626180	nan	0.278200	0.467030	0.334250	0.472770
261	nan	nan	0.674740	nan	0.608150	0.524560	0.525560	0.600760	nan	0.514330	nan	0.278200	0.467030	0.334250	0.472770
652	nan	nan	0.674740	nan	0.608150	0.524560	0.525560	0.600760	nan	0.514330	nan	0.278200	0.467030	0.334250	0.472770
397	nan	0.481410	0.562420	0.398630	0.436830	0.463920	0.506720	0.446330	0.693890	0.626180	nan	0.278200	0.467030	0.334250	0.472770
272	nan	nan	0.429510	0.275020	0.608150	0.524560	0.525560	0.600760	nan	0.514330	nan	0.278200	0.467030	0.334250	0.472770
665	nan	nan	0.674740	nan	0.608150	0.524560	0.525560	0.600760	nan	0.514330	nan	0.278200	0.467030	0.334250	0.472770
25	nan	nan	0.674740	nan	0.608150	0.524560	0.525560	0.600760	nan	0.514330	nan	0.278200	0.467030	0.334250	0.472770
539	nan	nan	0.429510	0.275020	0.608150	0.524560	0.525560	0.600760	nan	0.514330	nan	0.278200	0.467030	0.334250	0.472770
411	nan	0.481410	0.562420	0.398630	0.436830	0.463920	0.506720	0.446330	0.693890	0.626180	nan	0.278200	0.467030	0.334250	0.472770
31	nan	nan	0.674740	nan	0.608150	0.524560	0.525560	0.600760	nan	0.514330	nan	0.278200	0.467030	0.334250	0.472770
552	nan	0.481410	0.562420	0.398630	0.436830	0.463920	0.506720	0.446330	0.693890	0.626180	nan	0.278200	0.467030	0.334250	0.472770
173	nan	nan	0.562420	0.398630	0.436830	0.463920	0.506720	0.446330	0.693890	0.626180	nan	0.278200	0.467030	0.334250	0.472770
57	nan	0.481410	0.562420	0.398630	0.436830	0.463920	0.506720	0.446330	0.693890	0.626180	nan	0.278200	0.467030	0.334250	0.472770
320	nan	0.481410	0.562420	0.398630	0.436830	0.463920	0.506720	0.446330	0.693890	0.626180	nan	0.278200	0.467030	0.334250	0.472770
587	nan	0.481410	0.562420	0.398630	0.436830	0.463920	0.506720	0.446330	0.693890	0.626180	nan	0.278200	0.467030	0.334250	0.472770
719	nan	0.481410	0.562420	0.398630	0.436830	0.463920	0.506720	0.446330	0.693890	0.626180	nan	0.278200	0.467030	0.334250	0.472770
208	nan	nan	0.429510	0.275020	0.608150	0.524560	0.525560	0.600760	nan	0.514330	nan	0.278200	0.467030	0.334250	0.472770
81	nan	nan	0.674740	nan	0.608150	0.524560	0.525560	0.600760	nan	0.514330	nan	0.278200	0.467030	0.334250	0.472770
83	nan	nan	0.429510	0.275020	0.608150	0.524560	0.525560	0.600760	nan	0.514330	nan	0.278200	0.467030	0.334250	0.472770
86	nan	nan	0.674740	nan	0.608150	0.524560	0.525560	0.600760	nan	0.514330	nan	0.278200	0.467030	0.334250	0.472770
216	nan	nan	0.429510	0.275020	0.608150	0.524560	0.525560	0.600760	nan	0.514330	nan	0.278200	0.467030	0.334250	0.472770
477	nan	nan	0.429510	0.275020	0.608150	0.524560	0.525560	0.600760	nan	0.514330	nan	0.278200	0.467030	0.334250	0.472770
479	nan	nan	0.674740	nan	0.608150	0.524560	0.525560	0.600760	nan	0.514330	nan	0.278200	0.467030	0.334250	0.472770
232	nan	0.481410	0.562420	0.398630	0.436830	0.463920	0.506720	0.446330	0.693890	0.626180	nan	0.278200	0.467030	0.334250	0.472770
104	nan	nan	0.562420	0.398630	0.436830	0.463920	0.506720	0.446330	0.693890	0.626180	nan	0.278200	0.467030	0.334250	0.472770
492	nan	nan	0.674740	nan	0.608150	0.524560	0.525560	0.600760	nan	0.514330	nan	0.278200	0.467030	0.334250	0.472770
365	nan	0.481410	0.562420	0.398630	0.436830	0.463920	0.506720	0.446330	0.693890	0.626180	nan	0.278200	0.467030	0.334250	0.472770
113	nan	nan	0.674740	nan	0.608150	0.524560	0.525560	0.600760	nan	0.514330	nan	0.278200	0.467030	0.334250	0.472770
32	nan	0.753030	nan	0.257760	0.175780	0.683430	nan	0.739680	0.487070	0.321710	0.391290	0.701290	0.355100	0.464250	0.495590
450	nan	0.753030	nan	0.257760	0.175780	0.683430	nan	0.739680	0.487070	0.321710	0.391290	0.701290	0.355100	0.464250	0.495590
231	nan	0.753030	nan	0.257760	0.175780	0.683430	nan	0.739680	0.487070	0.321710	0.391290	0.701290	0.355100	0.464250	0.495590
457	nan	0.753030	nan	0.257760	0.175780	0.683430	nan	0.739680	0.487070	0.321710	0.391290	0.701290	0.355100	0.464250	0.495590
778	nan	0.753030	nan	0.257760	0.175780	0.683430	nan	0.739680	0.487070	0.321710	0.391290	0.701290	0.355100	0.464250	0.495590
619	nan	0.753030	nan	0.257760	0.175780	0.683430	nan	0.739680	0.487070	0.321710	0.391290	0.701290	0.355100	0.464250	0.495590
491	nan	0.753030	nan	0.257760	0.175780	0.683430	nan	0.739680	0.487070	0.321710	0.391290	0.701290	0.355100	0.464250	0.495590
465	nan	0.753030	nan	0.257760	0.175780	0.683430	nan	0.739680	0.487070	0.321710	0.391290	0.701290	0.355100	0.464250	0.495590
701	nan	0.753030	nan	0.257760	0.175780	0.683430	nan	0.739680	0.487070	0.321710	0.391290	0.701290	0.355100	0.464250	0.495590
382	nan	0.753030	nan	0.257760	0.175780	0.683430	nan	0.739680	0.487070	0.321710	0.391290	0.701290	0.355100	0.464250	0.495590
95	nan	0.753030	nan	0.257760	0.175780	0.683430	nan	0.739680	0.487070	0.321710	0.391290	0.701290	0.355100	0.464250	0.495590
416	nan	0.442450	0.642960	0.538260	0.469810	0.343830	0.437110	0.491220	0.442480	0.527730	0.489670	0.530340	0.256170	0.494470	0.301920
33	nan	0.442450	0.642960	0.538260	0.469810	0.343830	0.437110	0.491220	0.442480	0.527730	0.489670	0.530340	0.256170	0.494470	0.301920
294	nan	0.442450	0.642960	0.538260	0.469810	0.343830	0.437110	0.491220	0.442480	0.527730	0.489670	0.530340	0.256170	0.494470	0.301920
680	nan	0.442450	0.642960	0.538260	0.469810	0.343830	0.437110	0.491220	0.442480	0.527730	0.489670	0.530340	0.256170	0.494470	0.301920
40	nan	0.442450	0.642960	0.538260	0.469810	0.343830	0.437110	0.491220	0.442480	0.527730	0.489670	0.530340	0.256170	0.494470	0.301920
138	nan	0.442450	0.642960	0.538260	0.469810	0.343830	0.437110	0.491220	0.442480	0.527730	0.489670	0.530340	0.256170	0.494470	0.301920
568	nan	0.442450	0.642960	0.538260	0.469810	0.343830	0.437110	0.491220	0.442480	0.527730	0.489670	0.530340	0.256170	0.494470	0.301920
111	nan	0.442450	0.642960	0.538260	0.469810	0.343830	0.437110	0.491220	0.442480	0.527730	0.489670	0.530340	0.256170	0.494470	0.301920
527	nan	0.442450	0.642960	0.538260	0.469810	0.343830	0.437110	0.491220	0.442480	0.527730	0.489670	0.530340	0.256170	0.494470	0.301920
722	nan	0.442450	0.642960	0.538260	0.469810	0.343830	0.437110	0.491220	0.442480	0.527730	0.489670	0.530340	0.256170	0.494470	0.301920
467	nan	0.442450	0.642960	0.538260	0.469810	0.343830	0.437110	0.491220	0.442480	0.527730	0.489670	0.530340	0.256170	0.494470	0.301920
726	nan	0.442450	0.642960	0.538260	0.469810	0.343830	0.437110	0.491220	0.442480	0.527730	0.489670	0.530340	0.256170	0.494470	0.301920
311	nan	0.442450	0.642960	0.538260	0.469810	0.343830	0.437110	0.491220	0.442480	0.527730	0.489670	0.530340	0.256170	0.494470	0.301920
184	nan	0.442450	0.642960	0.538260	0.469810	0.343830	0.437110	0.491220	0.442480	0.527730	0.489670	0.530340	0.256170	0.494470	0.301920
634	nan	0.442450	0.642960	0.538260	0.469810	0.343830	0.437110	0.491220	0.442480	0.527730	0.489670	0.530340	0.256170	0.494470	0.301920
381	nan	0.442450	0.642960	0.538260	0.469810	0.343830	0.437110	0.491220	0.442480	0.527730	0.489670	0.530340	0.256170	0.494470	0.301920
705	nan	0.526100	nan	0.807040	0.187960	nan	0.668190	0.577070	0.517720	0.341830	0.688700	0.378120	0.616590	0.555760	0.647080
34	nan	0.526100	nan	0.807040	0.187960	nan	0.668190	0.577070	0.517720	0.341830	0.688700	0.378120	0.616590	0.555760	0.647080
322	nan	nan	nan	nan	nan	nan	nan	nan	nan	0.341830	0.688700	0.378120	0.616590	0.555760	0.647080
422	nan	nan	nan	nan	nan	nan	nan	nan	nan	0.341830	0.688700	0.378120	0.616590	0.555760	0.647080
583	nan	nan	nan	nan	nan	nan	nan	nan	nan	0.341830	0.688700	0.378120	0.616590	0.555760	0.647080
425	nan	0.526100	nan	0.807040	0.187960	nan	0.668190	0.577070	0.517720	0.341830	0.688700	0.378120	0.616590	0.555760	0.647080
617	nan	0.526100	nan	0.807040	0.187960	nan	0.668190	0.577070	0.517720	0.341830	0.688700	0.378120	0.616590	0.555760	0.647080
618	nan	nan	nan	nan	nan	nan	nan	nan	nan	0.341830	0.688700	0.378120	0.616590	0.555760	0.647080
74	nan	0.526100	nan	0.807040	0.187960	nan	0.668190	0.577070	0.517720	0.341830	0.688700	0.378120	0.616590	0.555760	0.647080
746	nan	0.526100	nan	0.807040	0.187960	nan	0.668190	0.577070	0.517720	0.341830	0.688700	0.378120	0.616590	0.555760	0.647080
337	nan	0.526100	nan	0.807040	0.187960	nan	0.668190	0.577070	0.517720	0.341830	0.688700	0.378120	0.616590	0.555760	0.647080
146	nan	0.526100	nan	0.807040	0.187960	nan	0.668190	0.577070	0.517720	0.341830	0.688700	0.378120	0.616590	0.555760	0.647080
629	nan	0.526100	nan	0.807040	0.187960	nan	0.668190	0.577070	0.517720	0.341830	0.688700	0.378120	0.616590	0.555760	0.647080
598	nan	0.526100	nan	0.807040	0.187960	nan	0.668190	0.577070	0.517720	0.341830	0.688700	0.378120	0.616590	0.555760	0.647080
342	nan	nan	nan	0.807040	0.187960	nan	0.668190	0.577070	0.517720	0.341830	0.688700	0.378120	0.616590	0.555760	0.647080
662	nan	nan	nan	0.807040	0.187960	nan	0.668190	0.577070	0.517720	0.341830	0.688700	0.378120	0.616590	0.555760	0.647080
693	nan	0.526100	nan	0.807040	0.187960	nan	0.668190	0.577070	0.517720	0.341830	0.688700	0.378120	0.616590	0.555760	0.647080
630	nan	0.526100	nan	0.807040	0.187960	nan	0.668190	0.577070	0.517720	0.341830	0.688700	0.378120	0.616590	0.555760	0.647080
640	nan	0.476350	nan	nan	0.416690	0.264360	0.382220	0.434300	0.411530	0.338640	0.467570	0.586540	0.497700	0.590600	0.681710
35	nan	0.591190	nan	nan	0.416690	0.264360	0.382220	0.434300	0.411530	0.338640	0.467570	0.586540	0.497700	0.590600	0.681710
708	nan	0.476350	nan	nan	0.416690	0.264360	0.382220	0.434300	0.411530	0.338640	0.467570	0.586540	0.497700	0.590600	0.681710
228	nan	0.476350	nan	nan	0.416690	0.264360	0.382220	0.434300	0.411530	0.338640	0.467570	0.586540	0.497700	0.590600	0.681710
517	0.978660	0.591190	nan	nan	0.416690	0.264360	0.382220	0.434300	0.411530	0.338640	0.467570	0.586540	0.497700	0.590600	0.681710
714	nan	0.476350	nan	nan	0.416690	0.264360	0.382220	0.434300	0.411530	0.338640	0.467570	0.586540	0.497700	0.590600	0.681710
522	0.978660	0.591190	nan	nan	0.416690	0.264360	0.382220	0.434300	0.411530	0.338640	0.467570	0.586540	0.497700	0.590600	0.681710
721	0.978660	0.591190	nan	nan	0.416690	0.264360	0.382220	0.434300	0.411530	0.338640	0.467570	0.586540	0.497700	0.590600	0.681710
563	nan	0.476350	nan	nan	0.416690	0.264360	0.382220	0.434300	0.411530	0.338640	0.467570	0.586540	0.497700	0.590600	0.681710
244	nan	0.591190	nan	nan	0.416690	0.264360	0.382220	0.434300	0.411530	0.338640	0.467570	0.586540	0.497700	0.590600	0.681710
277	nan	0.476350	nan	nan	0.416690	0.264360	0.382220	0.434300	0.411530	0.338640	0.467570	0.586540	0.497700	0.590600	0.681710
245	0.978660	0.591190	nan	nan	0.416690	0.264360	0.382220	0.434300	0.411530	0.338640	0.467570	0.586540	0.497700	0.590600	0.681710
346	nan	0.591190	nan	nan	0.416690	0.264360	0.382220	0.434300	0.411530	0.338640	0.467570	0.586540	0.497700	0.590600	0.681710
699	nan	0.591190	nan	nan	0.416690	0.264360	0.382220	0.434300	0.411530	0.338640	0.467570	0.586540	0.497700	0.590600	0.681710
37	nan	nan	0.203140	0.577450	0.215290	0.396640	0.412640	0.557430	nan	0.588740	0.476620	0.781150	0.724780	0.283970	0.090780
741	nan	nan	0.203140	0.577450	0.215290	0.396640	0.412640	0.557430	nan	0.588740	0.476620	0.781150	0.724780	0.283970	0.090780
392	nan	nan	0.203140	0.577450	0.215290	0.396640	0.412640	0.557430	nan	0.588740	0.476620	0.781150	0.724780	0.283970	0.090780
264	nan	nan	0.203140	0.577450	0.215290	0.396640	0.412640	0.557430	nan	0.588740	0.476620	0.781150	0.724780	0.283970	0.090780
73	nan	nan	0.203140	0.577450	0.215290	0.396640	0.412640	0.557430	nan	0.588740	0.476620	0.781150	0.724780	0.283970	0.090780
430	nan	nan	0.203140	0.577450	0.215290	0.396640	0.412640	0.557430	nan	0.588740	0.476620	0.781150	0.724780	0.283970	0.090780
399	nan	nan	0.203140	0.577450	0.215290	0.396640	0.412640	0.557430	nan	0.588740	0.476620	0.781150	0.724780	0.283970	0.090780
211	nan	nan	0.203140	0.577450	0.215290	0.396640	0.412640	0.557430	nan	0.588740	0.476620	0.781150	0.724780	0.283970	0.090780
531	nan	nan	0.203140	0.577450	0.215290	0.396640	0.412640	0.557430	nan	0.588740	0.476620	0.781150	0.724780	0.283970	0.090780
469	nan	nan	0.203140	0.577450	0.215290	0.396640	0.412640	0.557430	nan	0.588740	0.476620	0.781150	0.724780	0.283970	0.090780
406	nan	nan	0.203140	0.577450	0.215290	0.396640	0.412640	0.557430	nan	0.588740	0.476620	0.781150	0.724780	0.283970	0.090780
731	nan	nan	0.203140	0.577450	0.215290	0.396640	0.412640	0.557430	nan	0.588740	0.476620	0.781150	0.724780	0.283970	0.090780
509	nan	nan	0.203140	0.577450	0.215290	0.396640	0.412640	0.557430	nan	0.588740	0.476620	0.781150	0.724780	0.283970	0.090780
767	nan	nan	0.203140	0.577450	0.215290	0.396640	0.412640	0.557430	nan	0.588740	0.476620	0.781150	0.724780	0.283970	0.090780
160	nan	0.567480	0.809830	nan	0.762980	0.702980	0.635050	0.291640	0.582210	nan	0.713020	0.722580	0.632620	0.485210	0.729970
99	nan	0.567480	0.809830	nan	0.762980	0.702980	0.635050	0.291640	0.582210	nan	0.713020	0.722580	0.632620	0.485210	0.729970
136	nan	0.567480	0.809830	nan	0.762980	0.702980	0.635050	0.291640	0.582210	nan	0.713020	0.722580	0.632620	0.485210	0.729970
41	nan	0.567480	0.809830	nan	0.762980	0.702980	0.635050	0.291640	0.582210	nan	0.713020	0.722580	0.632620	0.485210	0.729970
555	nan	0.567480	0.809830	nan	0.762980	0.702980	0.635050	0.291640	0.582210	nan	0.713020	0.722580	0.632620	0.485210	0.729970
526	nan	0.567480	0.809830	nan	0.762980	0.702980	0.635050	0.291640	0.582210	nan	0.713020	0.722580	0.632620	0.485210	0.729970
145	nan	0.567480	0.809830	nan	0.762980	0.702980	0.635050	0.291640	0.582210	nan	0.713020	0.722580	0.632620	0.485210	0.729970
177	nan	0.567480	0.809830	nan	0.762980	0.702980	0.635050	0.291640	0.582210	nan	0.713020	0.722580	0.632620	0.485210	0.729970
455	nan	0.607210	0.634800	nan	nan	nan	0.729760	0.320800	0.521490	0.672600	nan	0.616550	0.689180	0.317560	0.593220
456	nan	0.607210	0.634800	nan	nan	nan	0.729760	0.320800	0.521490	0.672600	nan	0.616550	0.689180	0.317560	0.593220
670	nan	0.607210	0.634800	nan	nan	nan	0.729760	0.320800	0.521490	0.672600	nan	0.616550	0.689180	0.317560	0.593220
620	nan	0.607210	0.634800	nan	nan	nan	0.729760	0.320800	0.521490	0.672600	nan	0.616550	0.689180	0.317560	0.593220
45	nan	0.607210	0.634800	nan	nan	nan	0.729760	0.320800	0.521490	0.672600	nan	0.616550	0.689180	0.317560	0.593220
592	nan	0.607210	0.634800	nan	nan	nan	0.729760	0.320800	0.521490	0.672600	nan	0.616550	0.689180	0.317560	0.593220
496	nan	0.607210	0.634800	nan	nan	nan	0.729760	0.320800	0.521490	0.672600	nan	0.616550	0.689180	0.317560	0.593220
691	nan	0.607210	0.634800	nan	nan	nan	0.729760	0.320800	0.521490	0.672600	nan	0.616550	0.689180	0.317560	0.593220
347	nan	0.607210	0.634800	nan	nan	nan	0.729760	0.320800	0.521490	0.672600	nan	0.616550	0.689180	0.317560	0.593220
732	nan	0.607210	0.634800	nan	nan	nan	0.729760	0.320800	0.521490	0.672600	nan	0.616550	0.689180	0.317560	0.593220
190	nan	0.607210	0.634800	nan	nan	nan	0.729760	0.320800	0.521490	0.672600	nan	0.616550	0.689180	0.317560	0.593220
576	nan	nan	nan	nan	0.701680	0.504610	0.660540	0.553410	0.655270	0.665580	0.310220	0.570530	0.802660	0.266190	0.631410
197	nan	0.448990	0.483400	nan	0.701680	0.504610	0.660540	0.553410	0.655270	0.665580	0.310220	0.570530	0.802660	0.266190	0.631410
645	nan	0.448990	0.483400	nan	0.701680	0.504610	0.660540	0.553410	0.655270	0.665580	0.310220	0.570530	0.802660	0.266190	0.631410
656	nan	0.448990	0.483400	nan	0.701680	0.504610	0.660540	0.553410	0.655270	0.665580	0.310220	0.570530	0.802660	0.266190	0.631410
50	nan	0.448990	0.483400	nan	0.701680	0.504610	0.660540	0.553410	0.655270	0.665580	0.310220	0.570530	0.802660	0.266190	0.631410
786	nan	0.448990	0.483400	nan	0.701680	0.504610	0.660540	0.553410	0.655270	0.665580	0.310220	0.570530	0.802660	0.266190	0.631410
375	nan	0.448990	0.483400	nan	0.701680	0.504610	0.660540	0.553410	0.655270	0.665580	0.310220	0.570530	0.802660	0.266190	0.631410
151	nan	nan	nan	nan	0.701680	0.504610	0.660540	0.553410	0.655270	0.665580	0.310220	0.570530	0.802660	0.266190	0.631410
156	nan	0.448990	0.483400	nan	0.701680	0.504610	0.660540	0.553410	0.655270	0.665580	0.310220	0.570530	0.802660	0.266190	0.631410
637	nan	nan	nan	nan	0.701680	0.504610	0.660540	0.553410	0.655270	0.665580	0.310220	0.570530	0.802660	0.266190	0.631410
280	nan	nan	0.609660	0.507810	0.249270	0.600390	0.558090	0.381230	0.460330	0.545080	0.669340	0.546610	0.692180	0.207800	0.622560
605	nan	nan	0.609660	0.507810	0.249270	0.600390	0.558090	0.381230	0.460330	0.545080	0.669340	0.546610	0.692180	0.207800	0.622560
613	nan	nan	0.609660	0.507810	0.249270	0.600390	0.558090	0.381230	0.460330	0.545080	0.669340	0.546610	0.692180	0.207800	0.622560
105	nan	nan	0.609660	0.507810	0.249270	0.600390	0.558090	0.381230	0.460330	0.545080	0.669340	0.546610	0.692180	0.207800	0.622560
650	nan	nan	0.609660	0.507810	0.249270	0.600390	0.558090	0.381230	0.460330	0.545080	0.669340	0.546610	0.692180	0.207800	0.622560
235	nan	nan	0.609660	0.507810	0.249270	0.600390	0.558090	0.381230	0.460330	0.545080	0.669340	0.546610	0.692180	0.207800	0.622560
201	nan	nan	0.609660	0.507810	0.249270	0.600390	0.558090	0.381230	0.460330	0.545080	0.669340	0.546610	0.692180	0.207800	0.622560
108	nan	nan	0.609660	0.507810	0.249270	0.600390	0.558090	0.381230	0.460330	0.545080	0.669340	0.546610	0.692180	0.207800	0.622560
210	nan	nan	0.609660	0.507810	0.249270	0.600390	0.558090	0.381230	0.460330	0.545080	0.669340	0.546610	0.692180	0.207800	0.622560
51	nan	nan	0.609660	0.507810	0.249270	0.600390	0.558090	0.381230	0.460330	0.545080	0.669340	0.546610	0.692180	0.207800	0.622560
179	nan	nan	0.609660	0.507810	0.249270	0.600390	0.558090	0.381230	0.460330	0.545080	0.669340	0.546610	0.692180	0.207800	0.622560
56	nan	nan	0.609660	0.507810	0.249270	0.600390	0.558090	0.381230	0.460330	0.545080	0.669340	0.546610	0.692180	0.207800	0.622560
633	nan	nan	0.609660	0.507810	0.249270	0.600390	0.558090	0.381230	0.460330	0.545080	0.669340	0.546610	0.692180	0.207800	0.622560
252	nan	nan	0.609660	0.507810	0.249270	0.600390	0.558090	0.381230	0.460330	0.545080	0.669340	0.546610	0.692180	0.207800	0.622560
221	nan	nan	0.609660	0.507810	0.249270	0.600390	0.558090	0.381230	0.460330	0.545080	0.669340	0.546610	0.692180	0.207800	0.622560
66	nan	0.283250	0.364760	0.522600	0.367380	0.520110	0.467080	0.599210	0.435420	0.528420	0.404840	0.726720	0.462780	0.701290	0.428120
546	nan	0.283250	0.364760	0.522600	0.367380	0.520110	0.467080	0.599210	0.435420	0.528420	0.404840	0.726720	0.462780	0.701290	0.428120
772	nan	0.283250	0.364760	0.522600	0.367380	0.520110	0.467080	0.599210	0.435420	0.528420	0.404840	0.726720	0.462780	0.701290	0.428120
707	nan	0.521360	0.364760	0.522600	0.367380	0.520110	0.467080	0.599210	0.435420	0.528420	0.404840	0.726720	0.462780	0.701290	0.428120
706	nan	0.521360	0.364760	0.522600	0.367380	0.520110	0.467080	0.599210	0.435420	0.528420	0.404840	0.726720	0.462780	0.701290	0.428120
167	nan	0.521360	0.364760	0.522600	0.367380	0.520110	0.467080	0.599210	0.435420	0.528420	0.404840	0.726720	0.462780	0.701290	0.428120
391	nan	0.521360	0.364760	0.522600	0.367380	0.520110	0.467080	0.599210	0.435420	0.528420	0.404840	0.726720	0.462780	0.701290	0.428120
247	nan	0.521360	0.364760	0.522600	0.367380	0.520110	0.467080	0.599210	0.435420	0.528420	0.404840	0.726720	0.462780	0.701290	0.428120
60	nan	0.521360	0.364760	0.522600	0.367380	0.520110	0.467080	0.599210	0.435420	0.528420	0.404840	0.726720	0.462780	0.701290	0.428120
274	nan	0.521360	0.364760	0.522600	0.367380	0.520110	0.467080	0.599210	0.435420	0.528420	0.404840	0.726720	0.462780	0.701290	0.428120
564	nan	0.283250	0.364760	0.522600	0.367380	0.520110	0.467080	0.599210	0.435420	0.528420	0.404840	0.726720	0.462780	0.701290	0.428120
439	nan	0.283250	0.364760	0.522600	0.367380	0.520110	0.467080	0.599210	0.435420	0.528420	0.404840	0.726720	0.462780	0.701290	0.428120
282	nan	0.283250	0.364760	0.522600	0.367380	0.520110	0.467080	0.599210	0.435420	0.528420	0.404840	0.726720	0.462780	0.701290	0.428120
251	nan	0.283250	0.364760	0.522600	0.367380	0.520110	0.467080	0.599210	0.435420	0.528420	0.404840	0.726720	0.462780	0.701290	0.428120
476	nan	0.283250	0.364760	0.522600	0.367380	0.520110	0.467080	0.599210	0.435420	0.528420	0.404840	0.726720	0.462780	0.701290	0.428120
542	nan	0.521360	0.364760	0.522600	0.367380	0.520110	0.467080	0.599210	0.435420	0.528420	0.404840	0.726720	0.462780	0.701290	0.428120
770	nan	0.330260	0.555590	0.551160	0.344250	nan	0.517170	0.561920	0.572350	0.354260	0.576430	0.486310	0.339860	0.268060	0.535810
643	nan	0.330260	0.555590	0.551160	0.344250	nan	0.517170	0.561920	0.572350	0.354260	0.576430	0.486310	0.339860	0.268060	0.535810
775	nan	0.330260	0.555590	0.551160	0.344250	nan	0.517170	0.561920	0.572350	0.354260	0.576430	0.486310	0.339860	0.268060	0.535810
790	nan	0.330260	0.555590	0.551160	0.344250	nan	0.517170	0.561920	0.572350	0.354260	0.576430	0.486310	0.339860	0.268060	0.535810
157	nan	0.330260	0.555590	0.551160	0.344250	nan	0.517170	0.561920	0.572350	0.354260	0.576430	0.486310	0.339860	0.268060	0.535810
420	nan	0.330260	0.555590	0.551160	0.344250	nan	0.517170	0.561920	0.572350	0.354260	0.576430	0.486310	0.339860	0.268060	0.535810
679	nan	nan	nan	nan	0.344250	nan	0.517170	0.561920	0.572350	0.354260	0.576430	0.486310	0.339860	0.268060	0.535810
681	nan	0.330260	0.555590	0.551160	0.344250	nan	0.517170	0.561920	0.572350	0.354260	0.576430	0.486310	0.339860	0.268060	0.535810
442	nan	0.330260	0.555590	0.551160	0.344250	nan	0.517170	0.561920	0.572350	0.354260	0.576430	0.486310	0.339860	0.268060	0.535810
63	nan	nan	nan	nan	0.344250	nan	0.517170	0.561920	0.572350	0.354260	0.576430	0.486310	0.339860	0.268060	0.535810
449	nan	0.330260	0.555590	0.551160	0.344250	nan	0.517170	0.561920	0.572350	0.354260	0.576430	0.486310	0.339860	0.268060	0.535810
326	nan	0.330260	0.555590	0.551160	0.344250	nan	0.517170	0.561920	0.572350	0.354260	0.576430	0.486310	0.339860	0.268060	0.535810
72	nan	nan	nan	nan	0.344250	nan	0.517170	0.561920	0.572350	0.354260	0.576430	0.486310	0.339860	0.268060	0.535810
205	nan	0.330260	0.555590	0.551160	0.344250	nan	0.517170	0.561920	0.572350	0.354260	0.576430	0.486310	0.339860	0.268060	0.535810
466	nan	0.330260	0.555590	0.551160	0.344250	nan	0.517170	0.561920	0.572350	0.354260	0.576430	0.486310	0.339860	0.268060	0.535810
595	nan	0.330260	0.555590	0.551160	0.344250	nan	0.517170	0.561920	0.572350	0.354260	0.576430	0.486310	0.339860	0.268060	0.535810
495	nan	0.330260	0.555590	0.551160	0.344250	nan	0.517170	0.561920	0.572350	0.354260	0.576430	0.486310	0.339860	0.268060	0.535810
755	nan	0.330260	0.555590	0.551160	0.344250	nan	0.517170	0.561920	0.572350	0.354260	0.576430	0.486310	0.339860	0.268060	0.535810
119	nan	nan	nan	nan	0.344250	nan	0.517170	0.561920	0.572350	0.354260	0.576430	0.486310	0.339860	0.268060	0.535810
635	nan	nan	nan	nan	0.344250	nan	0.517170	0.561920	0.572350	0.354260	0.576430	0.486310	0.339860	0.268060	0.535810
674	nan	0.458790	0.377880	0.356420	0.469270	0.680300	0.406950	nan	0.539890	0.503820	0.533490	0.692070	0.798680	0.659930	0.626720
67	nan	0.458790	0.377880	0.356420	0.469270	0.680300	0.406950	nan	0.539890	0.503820	0.533490	0.692070	0.798680	0.659930	0.626720
196	nan	0.458790	0.377880	0.356420	0.469270	0.680300	0.406950	nan	0.539890	0.503820	0.533490	0.692070	0.798680	0.659930	0.626720
133	nan	0.458790	0.377880	0.356420	0.469270	0.680300	0.406950	nan	0.539890	0.503820	0.533490	0.692070	0.798680	0.659930	0.626720
614	nan	0.458790	0.377880	0.356420	0.469270	0.680300	0.406950	nan	0.539890	0.503820	0.533490	0.692070	0.798680	0.659930	0.626720
332	nan	0.458790	0.377880	0.356420	0.469270	0.680300	0.406950	nan	0.539890	0.503820	0.533490	0.692070	0.798680	0.659930	0.626720
77	nan	0.458790	0.377880	0.356420	0.469270	0.680300	0.406950	nan	0.539890	0.503820	0.533490	0.692070	0.798680	0.659930	0.626720
78	nan	0.458790	0.377880	0.356420	0.469270	0.680300	0.406950	nan	0.539890	0.503820	0.533490	0.692070	0.798680	0.659930	0.626720
403	nan	0.458790	0.377880	0.356420	0.469270	0.680300	0.406950	nan	0.539890	0.503820	0.533490	0.692070	0.798680	0.659930	0.626720
659	nan	0.458790	0.377880	0.356420	0.469270	0.680300	0.406950	nan	0.539890	0.503820	0.533490	0.692070	0.798680	0.659930	0.626720
758	nan	0.458790	0.377880	0.356420	0.469270	0.680300	0.406950	nan	0.539890	0.503820	0.533490	0.692070	0.798680	0.659930	0.626720
733	nan	0.458790	0.377880	0.356420	0.469270	0.680300	0.406950	nan	0.539890	0.503820	0.533490	0.692070	0.798680	0.659930	0.626720
318	nan	0.458790	0.377880	0.356420	0.469270	0.680300	0.406950	nan	0.539890	0.503820	0.533490	0.692070	0.798680	0.659930	0.626720
128	nan	nan	0.479290	0.422730	0.599610	0.583940	0.665200	0.070760	0.539330	0.686430	0.477340	0.572320	0.324400	0.535410	0.631980
129	nan	nan	0.479290	0.422730	0.599610	0.583940	0.665200	0.070760	0.539330	0.686430	0.477340	0.572320	0.324400	0.535410	0.631980
520	nan	nan	0.479290	0.422730	0.599610	0.583940	0.665200	0.070760	0.539330	0.686430	0.477340	0.572320	0.324400	0.535410	0.631980
418	nan	nan	0.479290	0.422730	0.599610	0.583940	0.665200	0.070760	0.539330	0.686430	0.477340	0.572320	0.324400	0.535410	0.631980
694	nan	nan	0.479290	0.422730	0.599610	0.583940	0.665200	0.070760	0.539330	0.686430	0.477340	0.572320	0.324400	0.535410	0.631980
314	nan	nan	0.479290	0.422730	0.599610	0.583940	0.665200	0.070760	0.539330	0.686430	0.477340	0.572320	0.324400	0.535410	0.631980
578	nan	nan	0.479290	0.422730	0.599610	0.583940	0.665200	0.070760	0.539330	0.686430	0.477340	0.572320	0.324400	0.535410	0.631980
68	nan	nan	0.479290	0.422730	0.599610	0.583940	0.665200	0.070760	0.539330	0.686430	0.477340	0.572320	0.324400	0.535410	0.631980
204	nan	nan	0.479290	0.422730	0.599610	0.583940	0.665200	0.070760	0.539330	0.686430	0.477340	0.572320	0.324400	0.535410	0.631980
590	nan	nan	0.479290	0.422730	0.599610	0.583940	0.665200	0.070760	0.539330	0.686430	0.477340	0.572320	0.324400	0.535410	0.631980
341	nan	nan	0.479290	0.422730	0.599610	0.583940	0.665200	0.070760	0.539330	0.686430	0.477340	0.572320	0.324400	0.535410	0.631980
474	nan	nan	0.479290	0.422730	0.599610	0.583940	0.665200	0.070760	0.539330	0.686430	0.477340	0.572320	0.324400	0.535410	0.631980
223	nan	nan	0.479290	0.422730	0.599610	0.583940	0.665200	0.070760	0.539330	0.686430	0.477340	0.572320	0.324400	0.535410	0.631980
351	nan	nan	0.479290	0.422730	0.599610	0.583940	0.665200	0.070760	0.539330	0.686430	0.477340	0.572320	0.324400	0.535410	0.631980
754	nan	nan	0.479290	0.422730	0.599610	0.583940	0.665200	0.070760	0.539330	0.686430	0.477340	0.572320	0.324400	0.535410	0.631980
756	nan	nan	0.479290	0.422730	0.599610	0.583940	0.665200	0.070760	0.539330	0.686430	0.477340	0.572320	0.324400	0.535410	0.631980
248	nan	nan	0.479290	0.422730	0.599610	0.583940	0.665200	0.070760	0.539330	0.686430	0.477340	0.572320	0.324400	0.535410	0.631980
250	nan	nan	0.479290	0.422730	0.599610	0.583940	0.665200	0.070760	0.539330	0.686430	0.477340	0.572320	0.324400	0.535410	0.631980
127	nan	nan	0.479290	0.422730	0.599610	0.583940	0.665200	0.070760	0.539330	0.686430	0.477340	0.572320	0.324400	0.535410	0.631980
513	nan	0.574790	0.686410	0.432030	0.642090	0.369650	0.559470	0.643070	0.337380	0.554860	0.661600	0.441680	nan	0.557630	0.461560
164	nan	0.574790	0.686410	0.432030	0.642090	0.369650	0.559470	0.643070	0.337380	0.554860	0.661600	0.441680	nan	0.557630	0.461560
70	nan	0.574790	0.686410	0.432030	0.642090	0.369650	0.559470	0.643070	0.337380	0.554860	0.661600	0.441680	nan	0.557630	0.461560
281	nan	0.574790	0.686410	0.432030	0.642090	0.369650	0.559470	0.643070	0.337380	0.554860	0.661600	0.441680	nan	0.557630	0.461560
649	nan	0.574790	0.686410	0.432030	0.642090	0.369650	0.559470	0.643070	0.337380	0.554860	0.661600	0.441680	nan	0.557630	0.461560
203	nan	0.574790	0.686410	0.432030	0.642090	0.369650	0.559470	0.643070	0.337380	0.554860	0.661600	0.441680	nan	0.557630	0.461560
79	nan	0.574790	0.686410	0.432030	0.642090	0.369650	0.559470	0.643070	0.337380	0.554860	0.661600	0.441680	nan	0.557630	0.461560
497	nan	0.574790	0.686410	0.432030	0.642090	0.369650	0.559470	0.643070	0.337380	0.554860	0.661600	0.441680	nan	0.557630	0.461560
338	nan	0.574790	0.686410	0.432030	0.642090	0.369650	0.559470	0.643070	0.337380	0.554860	0.661600	0.441680	nan	0.557630	0.461560
339	nan	0.574790	0.686410	0.432030	0.642090	0.369650	0.559470	0.643070	0.337380	0.554860	0.661600	0.441680	nan	0.557630	0.461560
87	nan	0.574790	0.686410	0.432030	0.642090	0.369650	0.559470	0.643070	0.337380	0.554860	0.661600	0.441680	nan	0.557630	0.461560
760	nan	0.574790	0.686410	0.432030	0.642090	0.369650	0.559470	0.643070	0.337380	0.554860	0.661600	0.441680	nan	0.557630	0.461560
217	nan	0.574790	0.686410	0.432030	0.642090	0.369650	0.559470	0.643070	0.337380	0.554860	0.661600	0.441680	nan	0.557630	0.461560
482	nan	nan	0.472680	0.382660	0.616150	0.533290	0.563910	0.692190	0.551320	0.275290	0.366550	0.508600	0.649700	0.544360	0.416220
423	nan	0.337960	0.593860	0.192250	nan	0.451460	0.731080	0.455060	0.656010	nan	0.366550	0.508600	0.649700	0.544360	0.416220
71	nan	0.337960	0.593860	0.192250	nan	0.451460	0.731080	0.455060	0.656010	nan	0.366550	0.508600	0.649700	0.544360	0.416220
263	nan	nan	0.472680	0.382660	0.616150	0.533290	0.563910	0.692190	0.551320	0.275290	0.366550	0.508600	0.649700	0.544360	0.416220
168	nan	nan	0.472680	0.382660	0.616150	0.533290	0.563910	0.692190	0.551320	0.275290	0.366550	0.508600	0.649700	0.544360	0.416220
103	nan	nan	0.472680	0.382660	0.616150	0.533290	0.563910	0.692190	0.551320	0.275290	0.366550	0.508600	0.649700	0.544360	0.416220
155	nan	nan	0.472680	0.382660	0.616150	0.533290	0.563910	0.692190	0.551320	0.275290	0.366550	0.508600	0.649700	0.544360	0.416220
557	nan	0.337960	0.593860	0.192250	nan	0.451460	0.731080	0.455060	0.656010	nan	0.366550	0.508600	0.649700	0.544360	0.416220
750	nan	0.337960	0.593860	0.192250	nan	0.451460	0.731080	0.455060	0.656010	nan	0.366550	0.508600	0.649700	0.544360	0.416220
143	nan	0.337960	0.593860	0.192250	nan	0.451460	0.731080	0.455060	0.656010	nan	0.366550	0.508600	0.649700	0.544360	0.416220
180	nan	0.337960	0.593860	0.192250	nan	0.451460	0.731080	0.455060	0.656010	nan	0.366550	0.508600	0.649700	0.544360	0.416220
501	nan	0.337960	0.593860	0.192250	nan	0.451460	0.731080	0.455060	0.656010	nan	0.366550	0.508600	0.649700	0.544360	0.416220
468	nan	nan	0.472680	0.382660	0.616150	0.533290	0.563910	0.692190	0.551320	0.275290	0.366550	0.508600	0.649700	0.544360	0.416220
120	nan	nan	0.472680	0.382660	0.616150	0.533290	0.563910	0.692190	0.551320	0.275290	0.366550	0.508600	0.649700	0.544360	0.416220
123	nan	nan	0.472680	0.382660	0.616150	0.533290	0.563910	0.692190	0.551320	0.275290	0.366550	0.508600	0.649700	0.544360	0.416220
797	nan	nan	0.472680	0.382660	0.616150	0.533290	0.563910	0.692190	0.551320	0.275290	0.366550	0.508600	0.649700	0.544360	0.416220
163	nan	0.578730	nan	nan	0.824990	0.670110	nan	nan	0.453650	0.397040	0.336360	nan	0.787970	0.605350	0.527460
762	nan	0.578730	nan	nan	0.824990	0.670110	nan	nan	0.453650	0.397040	0.336360	nan	0.787970	0.605350	0.527460
553	nan	0.578730	nan	nan	0.824990	0.670110	nan	nan	0.453650	0.397040	0.336360	nan	0.787970	0.605350	0.527460
713	nan	0.578730	nan	nan	0.824990	0.670110	nan	nan	0.453650	0.397040	0.336360	nan	0.787970	0.605350	0.527460
234	nan	nan	nan	nan	nan	nan	nan	nan	0.453650	0.397040	0.336360	nan	0.787970	0.605350	0.527460
638	nan	nan	nan	nan	nan	nan	nan	nan	0.453650	0.397040	0.336360	nan	0.787970	0.605350	0.527460
688	nan	0.578730	nan	nan	0.824990	0.670110	nan	nan	0.453650	0.397040	0.336360	nan	0.787970	0.605350	0.527460
212	nan	0.578730	nan	nan	0.824990	0.670110	nan	nan	0.453650	0.397040	0.336360	nan	0.787970	0.605350	0.527460
85	nan	nan	nan	nan	nan	nan	nan	nan	0.453650	0.397040	0.336360	nan	0.787970	0.605350	0.527460
374	nan	nan	nan	nan	nan	nan	nan	nan	0.453650	0.397040	0.336360	nan	0.787970	0.605350	0.527460
570	nan	0.578730	nan	nan	0.824990	0.670110	nan	nan	0.453650	0.397040	0.336360	nan	0.787970	0.605350	0.527460
510	nan	nan	nan	nan	nan	nan	nan	nan	0.453650	0.397040	0.336360	nan	0.787970	0.605350	0.527460
512	nan	nan	0.640450	0.401070	0.729410	0.495970	0.702730	0.578290	0.574850	0.297360	0.485940	0.471910	0.450810	0.437640	0.318600
414	nan	nan	nan	nan	nan	nan	0.702730	0.578290	0.574850	0.297360	0.485940	0.471910	0.450810	0.437640	0.318600
612	nan	nan	0.640450	0.401070	0.729410	0.495970	0.702730	0.578290	0.574850	0.297360	0.485940	0.471910	0.450810	0.437640	0.318600
519	nan	nan	0.640450	0.401070	0.729410	0.495970	0.702730	0.578290	0.574850	0.297360	0.485940	0.471910	0.450810	0.437640	0.318600
237	nan	nan	0.640450	0.401070	0.729410	0.495970	0.702730	0.578290	0.574850	0.297360	0.485940	0.471910	0.450810	0.437640	0.318600
622	nan	nan	0.640450	0.401070	0.729410	0.495970	0.702730	0.578290	0.574850	0.297360	0.485940	0.471910	0.450810	0.437640	0.318600
112	nan	nan	0.640450	0.401070	0.729410	0.495970	0.702730	0.578290	0.574850	0.297360	0.485940	0.471910	0.450810	0.437640	0.318600
785	nan	nan	0.640450	0.401070	0.729410	0.495970	0.702730	0.578290	0.574850	0.297360	0.485940	0.471910	0.450810	0.437640	0.318600
304	nan	nan	nan	nan	nan	nan	0.702730	0.578290	0.574850	0.297360	0.485940	0.471910	0.450810	0.437640	0.318600
728	nan	nan	nan	nan	nan	nan	0.702730	0.578290	0.574850	0.297360	0.485940	0.471910	0.450810	0.437640	0.318600
702	nan	nan	nan	nan	nan	nan	0.702730	0.578290	0.574850	0.297360	0.485940	0.471910	0.450810	0.437640	0.318600
481	nan	nan	0.472570	0.516410	0.573410	0.510420	nan	0.384080	0.627030	0.477320	0.568960	0.478250	0.372910	nan	0.566590
259	nan	nan	0.472570	0.516410	0.573410	0.510420	nan	0.384080	0.627030	0.477320	0.568960	0.478250	0.372910	nan	0.566590
549	nan	nan	0.472570	0.516410	0.573410	0.510420	nan	0.384080	0.627030	0.477320	0.568960	0.478250	0.372910	nan	0.566590
360	nan	nan	0.472570	0.516410	0.573410	0.510420	nan	0.384080	0.627030	0.477320	0.568960	0.478250	0.372910	nan	0.566590
616	nan	nan	0.472570	0.516410	0.573410	0.510420	nan	0.384080	0.627030	0.477320	0.568960	0.478250	0.372910	nan	0.566590
589	nan	nan	0.472570	0.516410	0.573410	0.510420	nan	0.384080	0.627030	0.477320	0.568960	0.478250	0.372910	nan	0.566590
751	nan	nan	0.472570	0.516410	0.573410	0.510420	nan	0.384080	0.627030	0.477320	0.568960	0.478250	0.372910	nan	0.566590
371	nan	nan	0.472570	0.516410	0.573410	0.510420	nan	0.384080	0.627030	0.477320	0.568960	0.478250	0.372910	nan	0.566590
116	nan	nan	0.472570	0.516410	0.573410	0.510420	nan	0.384080	0.627030	0.477320	0.568960	0.478250	0.372910	nan	0.566590
373	nan	nan	0.472570	0.516410	0.573410	0.510420	nan	0.384080	0.627030	0.477320	0.568960	0.478250	0.372910	nan	0.566590
308	nan	nan	0.472570	0.516410	0.573410	0.510420	nan	0.384080	0.627030	0.477320	0.568960	0.478250	0.372910	nan	0.566590
600	nan	nan	0.472570	0.516410	0.573410	0.510420	nan	0.384080	0.627030	0.477320	0.568960	0.478250	0.372910	nan	0.566590
377	nan	nan	0.472570	0.516410	0.573410	0.510420	nan	0.384080	0.627030	0.477320	0.568960	0.478250	0.372910	nan	0.566590
186	nan	nan	0.472570	0.516410	0.573410	0.510420	nan	0.384080	0.627030	0.477320	0.568960	0.478250	0.372910	nan	0.566590
507	nan	nan	0.472570	0.516410	0.573410	0.510420	nan	0.384080	0.627030	0.477320	0.568960	0.478250	0.372910	nan	0.566590
291	nan	0.670500	nan	nan	0.517250	0.557360	0.755650	0.430510	0.444650	0.666180	0.416090	0.477610	0.322820	0.601760	0.367180
262	nan	0.670500	nan	nan	0.517250	0.557360	0.755650	0.430510	0.444650	0.666180	0.416090	0.477610	0.322820	0.601760	0.367180
717	nan	0.670500	nan	nan	0.517250	0.557360	0.755650	0.430510	0.444650	0.666180	0.416090	0.477610	0.322820	0.601760	0.367180
623	nan	nan	nan	nan	0.517250	0.557360	0.755650	0.430510	0.444650	0.666180	0.416090	0.477610	0.322820	0.601760	0.367180
625	nan	nan	nan	nan	0.517250	0.557360	0.755650	0.430510	0.444650	0.666180	0.416090	0.477610	0.322820	0.601760	0.367180
149	nan	nan	nan	nan	0.517250	0.557360	0.755650	0.430510	0.444650	0.666180	0.416090	0.477610	0.322820	0.601760	0.367180
118	nan	0.670500	nan	nan	0.517250	0.557360	0.755650	0.430510	0.444650	0.666180	0.416090	0.477610	0.322820	0.601760	0.367180
791	nan	0.670500	nan	nan	0.517250	0.557360	0.755650	0.430510	0.444650	0.666180	0.416090	0.477610	0.322820	0.601760	0.367180
536	nan	0.670500	nan	nan	0.517250	0.557360	0.755650	0.430510	0.444650	0.666180	0.416090	0.477610	0.322820	0.601760	0.367180
470	nan	nan	nan	nan	0.517250	0.557360	0.755650	0.430510	0.444650	0.666180	0.416090	0.477610	0.322820	0.601760	0.367180
284	nan	0.670500	nan	nan	0.517250	0.557360	0.755650	0.430510	0.444650	0.666180	0.416090	0.477610	0.322820	0.601760	0.367180
191	nan	nan	nan	nan	0.517250	0.557360	0.755650	0.430510	0.444650	0.666180	0.416090	0.477610	0.322820	0.601760	0.367180
194	nan	0.501910	0.398480	0.269360	0.635760	0.734570	0.504210	0.484820	0.525690	0.571870	0.498070	0.241860	0.539130	0.557070	0.537360
483	nan	0.501910	0.398480	0.269360	0.635760	0.734570	0.504210	0.484820	0.525690	0.571870	0.498070	0.241860	0.539130	0.557070	0.537360
293	nan	0.501910	0.398480	0.269360	0.635760	0.734570	0.504210	0.484820	0.525690	0.571870	0.498070	0.241860	0.539130	0.557070	0.537360
453	nan	0.501910	0.398480	0.269360	0.635760	0.734570	0.504210	0.484820	0.525690	0.571870	0.498070	0.241860	0.539130	0.557070	0.537360
199	nan	0.501910	0.398480	0.269360	0.635760	0.734570	0.504210	0.484820	0.525690	0.571870	0.498070	0.241860	0.539130	0.557070	0.537360
436	nan	0.501910	0.398480	0.269360	0.635760	0.734570	0.504210	0.484820	0.525690	0.571870	0.498070	0.241860	0.539130	0.557070	0.537360
215	nan	0.501910	0.398480	0.269360	0.635760	0.734570	0.504210	0.484820	0.525690	0.571870	0.498070	0.241860	0.539130	0.557070	0.537360
122	nan	0.501910	0.398480	0.269360	0.635760	0.734570	0.504210	0.484820	0.525690	0.571870	0.498070	0.241860	0.539130	0.557070	0.537360
764	nan	0.501910	0.398480	0.269360	0.635760	0.734570	0.504210	0.484820	0.525690	0.571870	0.498070	0.241860	0.539130	0.557070	0.537360
349	nan	0.501910	0.398480	0.269360	0.635760	0.734570	0.504210	0.484820	0.525690	0.571870	0.498070	0.241860	0.539130	0.557070	0.537360
255	nan	0.501910	0.398480	0.269360	0.635760	0.734570	0.504210	0.484820	0.525690	0.571870	0.498070	0.241860	0.539130	0.557070	0.537360
132	nan	0.719390	0.669990	0.381610	nan	0.493700	0.506220	0.434720	0.695750	0.315390	0.429580	0.449600	0.541560	nan	0.378010
271	nan	0.719390	0.669990	0.381610	nan	0.493700	0.506220	0.434720	0.695750	0.315390	0.429580	0.449600	0.541560	nan	0.378010
147	nan	0.719390	0.669990	0.381610	nan	0.493700	0.506220	0.434720	0.695750	0.315390	0.429580	0.449600	0.541560	nan	0.378010
405	nan	nan	0.669990	0.381610	nan	0.493700	0.506220	0.434720	0.695750	0.315390	0.429580	0.449600	0.541560	nan	0.378010
675	nan	0.740090	0.270990	0.557760	nan	0.650350	nan	0.433440	nan	0.210340	0.401710	0.275950	0.856220	nan	0.378010
678	nan	nan	0.669990	0.381610	nan	0.493700	0.506220	0.434720	0.695750	0.315390	0.429580	0.449600	0.541560	nan	0.378010
556	nan	0.719390	0.669990	0.381610	nan	0.493700	0.506220	0.434720	0.695750	0.315390	0.429580	0.449600	0.541560	nan	0.378010
303	nan	nan	0.270990	0.557760	nan	0.650350	nan	0.433440	nan	0.210340	0.401710	0.275950	0.856220	nan	0.378010
559	nan	0.740090	0.270990	0.557760	nan	0.650350	nan	0.433440	nan	0.210340	0.401710	0.275950	0.856220	nan	0.378010
178	nan	0.740090	0.270990	0.557760	nan	0.650350	nan	0.433440	nan	0.210340	0.401710	0.275950	0.856220	nan	0.378010
324	nan	nan	0.669990	0.381610	nan	0.493700	0.506220	0.434720	0.695750	0.315390	0.429580	0.449600	0.541560	nan	0.378010
599	nan	nan	0.270990	0.557760	nan	0.650350	nan	0.433440	nan	0.210340	0.401710	0.275950	0.856220	nan	0.378010
729	nan	0.740090	0.270990	0.557760	nan	0.650350	nan	0.433440	nan	0.210340	0.401710	0.275950	0.856220	nan	0.378010
222	nan	0.740090	0.270990	0.557760	nan	0.650350	nan	0.433440	nan	0.210340	0.401710	0.275950	0.856220	nan	0.378010
748	nan	0.740090	0.270990	0.557760	nan	0.650350	nan	0.433440	nan	0.210340	0.401710	0.275950	0.856220	nan	0.378010
624	nan	nan	0.669990	0.381610	nan	0.493700	0.506220	0.434720	0.695750	0.315390	0.429580	0.449600	0.541560	nan	0.378010
753	nan	0.740090	0.270990	0.557760	nan	0.650350	nan	0.433440	nan	0.210340	0.401710	0.275950	0.856220	nan	0.378010
626	nan	0.740090	0.270990	0.557760	nan	0.650350	nan	0.433440	nan	0.210340	0.401710	0.275950	0.856220	nan	0.378010
627	nan	nan	0.270990	0.557760	nan	0.650350	nan	0.433440	nan	0.210340	0.401710	0.275950	0.856220	nan	0.378010
378	nan	0.719390	0.669990	0.381610	nan	0.493700	0.506220	0.434720	0.695750	0.315390	0.429580	0.449600	0.541560	nan	0.378010
380	nan	0.719390	0.669990	0.381610	nan	0.493700	0.506220	0.434720	0.695750	0.315390	0.429580	0.449600	0.541560	nan	0.378010
388	nan	0.487000	0.581200	0.361040	0.562860	0.277270	nan	0.609950	0.342850	0.749490	0.488780	0.522510	0.210300	0.483230	0.425950
330	nan	0.487000	0.581200	0.361040	0.562860	0.277270	nan	0.609950	0.342850	0.749490	0.488780	0.522510	0.210300	0.483230	0.425950
139	nan	0.487000	0.581200	0.361040	0.562860	0.277270	nan	0.609950	0.342850	0.749490	0.488780	0.522510	0.210300	0.483230	0.425950
301	nan	0.487000	0.581200	0.361040	0.562860	0.277270	nan	0.609950	0.342850	0.749490	0.488780	0.522510	0.210300	0.483230	0.425950
239	nan	0.487000	0.581200	0.361040	0.562860	0.277270	nan	0.609950	0.342850	0.749490	0.488780	0.522510	0.210300	0.483230	0.425950
560	nan	0.487000	0.581200	0.361040	0.562860	0.277270	nan	0.609950	0.342850	0.749490	0.488780	0.522510	0.210300	0.483230	0.425950
306	nan	0.487000	0.581200	0.361040	0.562860	0.277270	nan	0.609950	0.342850	0.749490	0.488780	0.522510	0.210300	0.483230	0.425950
181	nan	0.487000	0.581200	0.361040	0.562860	0.277270	nan	0.609950	0.342850	0.749490	0.488780	0.522510	0.210300	0.483230	0.425950
725	nan	0.487000	0.581200	0.361040	0.562860	0.277270	nan	0.609950	0.342850	0.749490	0.488780	0.522510	0.210300	0.483230	0.425950
249	nan	0.487000	0.581200	0.361040	0.562860	0.277270	nan	0.609950	0.342850	0.749490	0.488780	0.522510	0.210300	0.483230	0.425950
379	nan	0.487000	0.581200	0.361040	0.562860	0.277270	nan	0.609950	0.342850	0.749490	0.488780	0.522510	0.210300	0.483230	0.425950
224	nan	0.422480	0.612830	0.463630	nan	0.165610	0.655550	0.477540	nan	nan	nan	0.251400	0.704310	0.530010	0.329020
545	nan	0.422480	0.612830	0.463630	nan	0.165610	0.655550	0.477540	nan	nan	nan	0.251400	0.704310	0.530010	0.329020
740	nan	0.422480	0.612830	0.463630	nan	0.165610	0.655550	0.477540	nan	nan	nan	0.251400	0.704310	0.530010	0.329020
230	nan	0.422480	0.612830	0.463630	nan	0.165610	0.655550	0.477540	nan	nan	nan	0.251400	0.704310	0.530010	0.329020
141	nan	0.422480	0.612830	0.463630	nan	0.165610	0.655550	0.477540	nan	nan	nan	0.251400	0.704310	0.530010	0.329020
400	nan	0.422480	0.612830	0.463630	nan	0.165610	0.655550	0.477540	nan	nan	nan	0.251400	0.704310	0.530010	0.329020
340	nan	0.422480	0.612830	0.463630	nan	0.165610	0.655550	0.477540	nan	nan	nan	0.251400	0.704310	0.530010	0.329020
757	nan	0.422480	0.612830	0.463630	nan	0.165610	0.655550	0.477540	nan	nan	nan	0.251400	0.704310	0.530010	0.329020
534	nan	0.422480	0.612830	0.463630	nan	0.165610	0.655550	0.477540	nan	nan	nan	0.251400	0.704310	0.530010	0.329020
663	nan	0.422480	0.612830	0.463630	nan	0.165610	0.655550	0.477540	nan	nan	nan	0.251400	0.704310	0.530010	0.329020
344	nan	0.422480	0.612830	0.463630	nan	0.165610	0.655550	0.477540	nan	nan	nan	0.251400	0.704310	0.530010	0.329020
444	nan	0.422480	0.612830	0.463630	nan	0.165610	0.655550	0.477540	nan	nan	nan	0.251400	0.704310	0.530010	0.329020
540	nan	0.422480	0.612830	0.463630	nan	0.165610	0.655550	0.477540	nan	nan	nan	0.251400	0.704310	0.530010	0.329020
189	nan	0.422480	0.612830	0.463630	nan	0.165610	0.655550	0.477540	nan	nan	nan	0.251400	0.704310	0.530010	0.329020
768	nan	nan	0.520360	nan	nan	0.656380	nan	0.393160	0.882390	0.319310	0.518180	0.617390	0.579510	0.584330	0.362720
580	nan	nan	nan	0.417540	nan	0.543790	0.784350	nan	0.647820	0.844480	0.352740	0.617390	0.579510	0.584330	0.362720
229	nan	nan	nan	0.417540	nan	0.543790	0.784350	nan	0.647820	0.844480	0.352740	0.617390	0.579510	0.584330	0.362720
166	nan	nan	nan	0.417540	nan	0.543790	0.784350	nan	0.647820	0.844480	0.352740	0.617390	0.579510	0.584330	0.362720
548	nan	nan	nan	0.417540	nan	0.543790	0.784350	nan	0.647820	0.844480	0.352740	0.617390	0.579510	0.584330	0.362720
207	nan	nan	nan	0.417540	nan	0.543790	0.784350	nan	0.647820	0.844480	0.352740	0.617390	0.579510	0.584330	0.362720
655	nan	nan	0.520360	nan	nan	0.656380	nan	0.393160	0.882390	0.319310	0.518180	0.617390	0.579510	0.584330	0.362720
279	nan	nan	nan	0.417540	nan	0.543790	0.784350	nan	0.647820	0.844480	0.352740	0.617390	0.579510	0.584330	0.362720
569	nan	nan	nan	0.417540	nan	0.543790	0.784350	nan	0.647820	0.844480	0.352740	0.617390	0.579510	0.584330	0.362720
698	nan	nan	0.520360	nan	nan	0.656380	nan	0.393160	0.882390	0.319310	0.518180	0.617390	0.579510	0.584330	0.362720
220	nan	nan	0.520360	nan	nan	0.656380	nan	0.393160	0.882390	0.319310	0.518180	0.617390	0.579510	0.584330	0.362720
606	nan	nan	0.520360	nan	nan	0.656380	nan	0.393160	0.882390	0.319310	0.518180	0.617390	0.579510	0.584330	0.362720
543	nan	nan	0.520360	nan	nan	0.656380	nan	0.393160	0.882390	0.319310	0.518180	0.617390	0.579510	0.584330	0.362720
258	nan	nan	0.606920	0.490570	0.504180	0.446790	0.385390	0.808480	0.602430	nan	0.750830	nan	nan	0.307380	0.856640
387	nan	nan	0.606920	0.490570	0.504180	0.446790	0.385390	0.808480	0.602430	nan	0.750830	nan	nan	0.307380	0.856640
647	nan	nan	0.606920	0.490570	0.504180	0.446790	0.385390	0.808480	0.602430	nan	0.750830	nan	nan	0.307380	0.856640
424	nan	nan	0.606920	0.490570	0.504180	0.446790	0.385390	0.808480	0.602430	nan	0.750830	nan	nan	0.307380	0.856640
240	nan	nan	0.606920	0.490570	0.504180	0.446790	0.385390	0.808480	0.602430	nan	0.750830	nan	nan	0.307380	0.856640
305	nan	nan	0.606920	0.490570	0.504180	0.446790	0.385390	0.808480	0.602430	nan	0.750830	nan	nan	0.307380	0.856640
792	nan	nan	0.606920	0.490570	0.504180	0.446790	0.385390	0.808480	0.602430	nan	0.750830	nan	nan	0.307380	0.856640
188	nan	nan	0.606920	0.490570	0.504180	0.446790	0.385390	0.808480	0.602430	nan	0.750830	nan	nan	0.307380	0.856640
478	nan	nan	0.606920	0.490570	0.504180	0.446790	0.385390	0.808480	0.602430	nan	0.750830	nan	nan	0.307380	0.856640
192	nan	nan	nan	0.607490	0.331870	0.637380	0.605700	0.485080	0.517350	0.652740	nan	0.522230	0.367870	0.530450	0.718790
737	nan	0.688490	nan	0.607490	0.331870	0.637380	0.605700	0.485080	0.517350	0.652740	nan	0.522230	0.367870	0.530450	0.718790
646	nan	0.688490	nan	0.607490	0.331870	0.637380	0.605700	0.485080	0.517350	0.652740	nan	0.522230	0.367870	0.530450	0.718790
742	nan	nan	nan	0.607490	0.331870	0.637380	0.605700	0.485080	0.517350	0.652740	nan	0.522230	0.367870	0.530450	0.718790
328	nan	0.688490	nan	0.607490	0.331870	0.637380	0.605700	0.485080	0.517350	0.652740	nan	0.522230	0.367870	0.530450	0.718790
362	nan	0.688490	nan	0.607490	0.331870	0.637380	0.605700	0.485080	0.517350	0.652740	nan	0.522230	0.367870	0.530450	0.718790
363	nan	nan	nan	0.607490	0.331870	0.637380	0.605700	0.485080	0.517350	0.652740	nan	0.522230	0.367870	0.530450	0.718790
779	nan	0.688490	nan	0.607490	0.331870	0.637380	0.605700	0.485080	0.517350	0.652740	nan	0.522230	0.367870	0.530450	0.718790
367	nan	nan	nan	0.607490	0.331870	0.637380	0.605700	0.485080	0.517350	0.652740	nan	0.522230	0.367870	0.530450	0.718790
369	nan	nan	nan	0.607490	0.331870	0.637380	0.605700	0.485080	0.517350	0.652740	nan	0.522230	0.367870	0.530450	0.718790
766	nan	0.688490	nan	0.607490	0.331870	0.637380	0.605700	0.485080	0.517350	0.652740	nan	0.522230	0.367870	0.530450	0.718790
385	nan	0.600300	0.542470	0.602270	0.624840	0.725420	nan	0.668760	0.458650	0.451890	0.295760	nan	0.648240	0.650520	0.490190
292	nan	0.600300	0.542470	0.602270	0.624840	0.725420	nan	0.668760	0.458650	0.451890	0.295760	nan	0.648240	0.650520	0.490190
361	nan	0.600300	0.542470	0.602270	0.624840	0.725420	nan	0.668760	0.458650	0.451890	0.295760	nan	0.648240	0.650520	0.490190
715	nan	0.600300	0.542470	0.602270	0.624840	0.725420	nan	0.668760	0.458650	0.451890	0.295760	nan	0.648240	0.650520	0.490190
780	nan	0.600300	0.542470	0.602270	0.624840	0.725420	nan	0.668760	0.458650	0.451890	0.295760	nan	0.648240	0.650520	0.490190
238	nan	0.600300	0.542470	0.602270	0.624840	0.725420	nan	0.668760	0.458650	0.451890	0.295760	nan	0.648240	0.650520	0.490190
720	nan	0.600300	0.542470	0.602270	0.624840	0.725420	nan	0.668760	0.458650	0.451890	0.295760	nan	0.648240	0.650520	0.490190
275	nan	0.600300	0.542470	0.602270	0.624840	0.725420	nan	0.668760	0.458650	0.451890	0.295760	nan	0.648240	0.650520	0.490190
435	nan	0.600300	0.542470	0.602270	0.624840	0.725420	nan	0.668760	0.458650	0.451890	0.295760	nan	0.648240	0.650520	0.490190
695	nan	0.600300	0.542470	0.602270	0.624840	0.725420	nan	0.668760	0.458650	0.451890	0.295760	nan	0.648240	0.650520	0.490190
441	nan	0.600300	0.542470	0.602270	0.624840	0.725420	nan	0.668760	0.458650	0.451890	0.295760	nan	0.648240	0.650520	0.490190
669	nan	0.600300	0.542470	0.602270	0.624840	0.725420	nan	0.668760	0.458650	0.451890	0.295760	nan	0.648240	0.650520	0.490190
574	nan	0.600300	0.542470	0.602270	0.624840	0.725420	nan	0.668760	0.458650	0.451890	0.295760	nan	0.648240	0.650520	0.490190
