# MolID	Frame0	Frame1	Frame2	Frame3	Frame4	Frame5	Frame6	Frame7	Frame8	Frame9	Frame10	Frame11	Frame12	Frame13	Frame14
1	3	4	4	4	2	3	2	4	4	3	3	3	2	2	3
2	3	4	4	4	2	3	2	4	4	3	3	3	2	2	3
3	3	1	3	4	2	3	2	4	4	3	3	3	2	2	3
4	3	4	4	4	2	3	2	4	4	3	3	3	2	2	3
5	3	4	4	4	2	3	2	4	4	3	3	3	2	2	3
6	3	4	4	4	2	3	2	4	4	3	3	3	2	2	3
7	3	4	3	4	2	3	2	4	4	3	3	3	2	2	3
8	3	4	4	4	2	3	2	4	4	3	3	3	2	2	3
9	3	4	1	4	2	3	2	4	4	3	3	1	2	2	3
10	3	3	3	4	2	3	2	4	4	3	3	3	2	2	3
11	3	4	4	4	2	3	2	4	4	3	3	3	2	2	3
12	3	4	4	4	2	3	2	4	4	3	3	3	2	2	3
13	3	4	3	4	2	3	2	4	4	3	3	3	2	2	3
14	3	4	4	4	2	3	2	4	4	3	3	3	2	2	3
15	3	4	4	4	2	3	2	4	4	3	3	3	2	2	3
16	3	4	4	4	2	3	2	4	4	3	3	3	2	2	3
17	3	3	3	4	2	3	2	4	4	3	3	3	2	2	3
18	3	4	3	4	2	3	2	4	4	3	3	3	2	2	3
19	3	4	3	4	2	3	2	4	4	3	3	3	2	2	3
20	3	4	4	4	2	3	2	4	4	3	3	3	2	2	3
21	3	4	4	4	2	3	2	4	4	3	3	3	2	2	3
22	3	4	1	4	2	3	2	4	4	3	3	3	2	2	3
23	3	4	3	4	2	3	2	4	4	3	3	3	2	2	3
24	3	4	4	4	2	3	2	4	4	3	3	3	2	2	3
25	3	4	4	4	2	3	2	4	4	3	3	3	2	2	3
26	1	4	4	4	2	3	2	4	4	3	3	3	2	2	3
27	3	4	4	4	4	2	3	4	4	4	2	2	3	4	3
28	3	4	4	4	3	2	3	4	4	4	2	2	3	4	3
29	3	4	4	1	1	2	3	4	4	4	2	2	3	4	3
30	3	4	4	4	3	2	3	4	4	4	2	2	3	4	3
31	1	4	4	4	4	2	3	4	4	4	2	2	3	4	3
32	1	4	4	4	4	2	3	4	4	4	2	2	3	4	3
33	3	4	4	4	4	2	3	4	4	4	2	2	3	4	3
34	3	4	4	1	1	2	3	4	4	4	2	2	3	4	3
35	3	4	4	4	4	4	4	4	4	4	3	4	4	4	3
36	3	4	4	4	4	4	4	4	4	4	3	4	4	4	3
37	3	4	4	4	4	4	4	4	4	4	3	4	4	4	3
38	3	4	3	4	3	4	2	2	4	4	3	3	2	2	3
39	1	4	3	4	3	4	2	2	4	4	3	3	2	2	3
40	3	4	4	4	3	4	2	2	4	4	3	3	2	2	3
41	3	4	3	4	3	4	2	2	4	4	3	3	2	2	3
42	3	4	4	4	3	4	2	2	4	4	3	3	2	2	3
43	3	4	4	4	3	4	2	2	4	4	3	3	2	2	3
44	3	4	3	4	3	4	2	2	4	4	3	3	2	2	3
45	3	4	3	4	3	4	2	2	4	4	3	3	2	2	3
46	3	4	4	4	3	4	2	2	4	4	3	3	2	2	3
47	3	4	4	4	3	4	2	2	4	4	3	3	2	2	3
48	3	4	4	4	3	4	2	2	4	4	3	3	2	2	3
49	3	4	4	4	3	4	2	2	4	4	3	3	2	2	3
50	3	4	3	4	3	4	2	2	4	4	3	3	2	2	3
51	3	4	3	4	3	4	2	2	4	4	3	3	2	2	3
52	3	4	4	4	4	2	3	4	4	4	2	2	3	4	3
53	3	4	4	4	1	2	3	4	4	4	2	2	3	4	3
54	3	4	4	4	3	2	3	4	4	4	2	2	3	4	3
55	3	4	4	4	3	2	3	4	4	4	2	2	3	4	3
56	3	4	4	4	4	2	3	4	4	4	2	2	3	4	3
57	3	4	4	4	4	2	3	4	4	4	2	2	3	4	3
58	3	4	4	4	3	4	4	4	4	4	2	4	4	4	3
59	3	4	4	4	3	4	4	4	4	4	2	4	4	4	3
60	1	4	4	4	3	4	4	4	4	4	2	4	4	4	3
61	3	4	3	3	4	4	4	4	4	4	2	4	4	4	3
62	3	4	4	4	3	4	4	4	4	4	2	4	4	4	3
63	3	4	4	4	1	4	4	4	4	4	2	4	4	4	3
64	3	4	4	4	3	4	4	4	4	4	2	4	4	4	3
65	1	4	3	3	4	4	4	4	4	4	2	4	4	4	3
66	3	4	3	3	4	4	4	4	4	4	2	4	4	4	3
67	3	4	3	3	4	4	4	4	4	4	2	4	4	4	3
68	3	4	3	3	4	4	4	4	4	4	2	4	4	4	3
69	3	4	3	3	4	4	4	4	4	4	2	4	4	4	3
70	3	4	3	3	4	4	4	4	4	4	2	4	4	4	3
71	3	4	3	3	4	4	4	4	4	4	2	4	4	4	3
72	3	4	3	3	4	4	4	4	4	4	2	4	4	4	3
73	3	4	3	3	4	4	4	4	4	4	2	4	4	4	3
74	3	4	4	4	3	4	4	4	4	4	2	4	4	4	3
75	3	4	4	3	4	4	4	4	4	4	4	4	4	4	3
76	1	4	4	3	4	4	4	4	4	4	4	4	4	4	3
77	3	4	4	4	4	4	4	4	3	4	4	4	4	4	3
78	3	4	4	4	4	4	4	4	3	4	4	4	4	4	3
79	3	4	4	4	4	4	4	4	1	4	4	4	4	4	3
80	3	4	4	4	4	4	4	4	3	4	4	4	4	4	3
81	3	4	4	4	4	4	4	4	3	4	4	4	4	4	3
82	3	4	4	4	4	4	4	4	3	4	4	4	4	4	3
83	3	4	4	3	4	4	4	4	4	4	4	4	4	4	3
84	3	4	3	3	4	4	4	4	4	4	4	4	4	4	3
85	3	4	4	3	4	4	4	4	4	4	4	4	4	4	3
86	3	4	4	3	4	4	4	4	4	4	4	4	4	4	3
87	3	4	4	3	4	4	4	4	4	4	4	4	4	4	3
88	3	4	4	1	4	4	4	4	4	4	4	4	4	4	3
89	3	4	4	3	4	4	4	4	4	4	4	4	4	4	3
90	3	4	4	3	4	4	4	4	4	4	4	4	4	4	3
91	3	4	4	4	4	4	4	4	3	4	4	4	4	4	3
92	3	4	4	4	4	4	4	4	3	4	4	4	4	4	3
93	3	4	4	4	4	4	4	4	3	4	4	4	4	4	3
94	3	4	4	4	3	2	3	4	4	4	2	2	3	4	3
95	3	4	4	4	3	2	3	4	4	4	2	2	3	4	3
96	3	4	4	4	4	4	4	4	4	4	4	4	4	4	3
97	3	4	4	4	4	4	4	4	4	4	4	4	4	4	3
98	3	4	4	4	4	4	4	4	4	4	4	4	4	4	3
99	3	4	4	4	4	4	4	4	4	4	4	4	4	4	3
100	1	4	4	4	3	4	2	2	4	4	3	3	2	2	3
101	3	4	4	4	3	4	2	2	4	4	3	3	2	2	3
102	3	4	4	4	3	4	2	2	4	4	3	3	2	2	3
103	3	4	4	4	3	4	2	2	4	4	3	3	2	2	3
104	3	4	4	4	3	4	2	2	4	4	3	3	2	2	3
105	3	4	4	4	3	4	2	2	4	4	3	3	2	2	3
106	3	4	4	4	3	4	2	2	4	4	3	3	2	2	3
107	3	4	4	3	4	4	4	4	4	4	4	4	4	4	3
108	3	4	3	3	4	4	4	4	4	4	4	4	4	4	3
109	3	4	3	3	4	4	4	4	4	4	4	4	4	4	3
110	1	4	4	3	4	4	4	4	4	4	4	4	4	4	3
111	3	4	4	3	4	4	4	4	4	4	4	4	4	4	3
112	3	4	4	4	4	4	4	4	3	4	4	4	4	4	3
113	3	4	4	4	4	4	4	4	3	4	4	4	4	4	3
114	3	4	4	4	4	4	4	4	3	4	4	4	4	4	3
115	3	4	4	4	4	4	4	4	3	4	4	4	4	4	3
116	3	4	4	4	4	4	4	4	4	4	3	4	4	4	3
117	3	4	4	4	4	4	4	4	4	4	3	4	4	4	3
118	1	4	4	4	4	4	4	4	4	4	3	4	4	4	3
119	3	4	4	4	4	4	4	4	4	4	4	4	4	4	3
120	3	4	4	4	4	4	4	4	4	4	4	4	4	4	3
121	3	4	4	4	4	4	4	4	4	4	4	4	4	4	3
122	3	4	4	4	3	2	3	4	4	4	2	2	3	4	3
123	3	4	4	4	3	2	3	4	4	4	2	2	3	4	3
124	3	4	4	4	3	2	3	4	4	4	2	2	3	4	3
125	3	4	4	4	3	2	3	4	4	4	2	2	3	4	3
126	3	4	4	4	3	2	3	4	4	4	2	2	3	4	3
127	3	4	4	4	4	4	4	4	4	4	3	4	4	4	3
128	3	4	4	4	4	4	4	4	4	4	3	4	4	4	3
129	3	4	4	4	4	4	4	4	4	4	3	4	4	4	3
130	3	4	4	4	4	4	4	4	4	4	4	4	4	4	3
131	3	4	4	4	4	4	4	4	4	4	4	4	4	4	3
132	3	4	4	4	4	4	4	4	4	4	4	4	4	4	3
133	3	4	4	4	4	4	4	4	4	4	4	4	4	4	3
134	3	4	4	4	4	4	4	4	4	4	4	4	4	4	3
135	3	4	4	4	4	4	4	4	4	4	4	4	4	4	3
136	1	4	4	4	4	4	4	4	4	4	4	4	4	4	3
137	3	4	4	4	4	4	4	4	4	4	4	4	4	4	3
138	3	4	4	4	4	4	4	4	3	4	4	4	4	4	1
139	3	4	4	4	3	4	2	2	4	4	3	3	2	2	1
140	3	4	3	3	4	4	4	4	4	4	2	4	4	4	1
141	4	4	4	4	4	4	4	4	4	4	4	2	2	3	2
142	3	4	4	4	4	4	4	4	4	4	4	2	2	3	2
143	3	4	4	4	4	4	4	4	4	4	4	2	2	3	2
144	3	4	4	4	4	4	4	4	4	4	4	2	2	3	2
145	3	4	4	4	4	4	4	4	4	4	4	2	2	3	2
146	3	4	4	4	4	4	4	4	4	4	4	2	2	3	2
147	3	4	4	4	4	4	4	4	4	4	4	2	2	3	2
148	3	4	4	4	4	4	4	4	4	4	4	2	2	3	2
149	3	4	4	4	4	4	4	4	4	4	4	2	2	3	2
150	3	4	4	4	4	4	4	4	4	4	4	2	2	3	2
151	3	4	4	4	4	4	4	4	4	4	4	2	2	3	2
152	3	4	4	4	4	4	4	4	4	4	4	2	2	3	2
153	3	4	4	4	4	4	4	4	4	4	4	2	2	3	2
154	1	4	4	4	4	4	4	4	4	4	4	2	2	3	2
155	3	4	4	4	4	4	4	4	4	4	4	2	2	3	2
156	4	4	4	4	4	4	4	4	4	4	4	2	2	3	2
157	3	4	4	4	4	4	4	4	4	4	4	2	2	3	2
158	3	4	4	4	4	4	4	4	4	4	4	2	2	3	2
159	4	4	4	4	4	4	4	4	4	4	4	2	2	3	2
160	3	4	4	4	4	4	4	4	4	4	4	2	2	3	2
161	3	4	4	2	4	4	4	4	4	4	3	3	4	4	2
162	3	4	3	2	4	4	4	4	4	4	3	3	4	4	2
163	3	4	4	2	4	4	4	4	4	4	3	3	4	4	2
164	1	4	4	2	4	4	4	4	4	4	3	3	4	4	2
165	3	4	4	2	4	4	4	4	4	4	3	3	4	4	2
166	3	4	3	2	4	4	4	4	4	4	3	3	4	4	2
167	3	4	3	2	4	4	4	4	4	4	3	3	4	4	2
168	3	4	1	2	4	4	4	4	4	4	3	3	4	4	2
169	3	4	4	2	4	4	4	4	4	4	3	3	4	4	2
170	3	4	4	2	4	4	4	4	4	4	3	3	4	4	2
171	3	4	4	2	4	4	4	4	4	4	3	3	4	4	2
172	3	4	4	2	4	4	4	4	4	4	3	3	4	4	2
173	3	4	3	2	4	4	4	4	4	4	3	3	4	4	2
174	3	4	4	2	4	4	4	4	4	4	3	3	4	4	2
175	3	4	3	2	4	4	4	4	4	4	3	3	4	4	2
176	3	4	4	2	4	4	4	4	4	4	3	3	4	4	2
177	3	4	4	2	4	4	4	4	4	4	3	3	4	4	2
178	3	4	4	2	4	4	4	4	4	4	3	1	4	4	2
179	1	4	4	2	4	4	4	4	4	4	3	3	4	4	2
180	3	4	3	2	4	4	4	4	4	4	3	3	4	4	2
181	3	3	4	4	4	4	4	4	4	4	4	4	3	4	4
182	3	4	4	4	4	4	4	4	4	4	4	4	3	4	4
183	3	4	4	4	4	4	4	4	4	4	4	4	3	4	4
184	3	4	4	4	4	4	4	4	4	4	4	4	3	4	4
185	3	4	4	4	4	4	4	4	4	4	4	4	3	4	4
186	3	4	4	4	4	4	4	4	4	4	4	4	3	4	4
187	3	3	4	4	4	4	4	4	4	4	4	4	3	4	4
188	3	3	4	4	4	4	4	4	4	4	4	4	3	4	4
189	3	4	4	4	4	4	4	4	4	4	4	4	3	4	4
190	3	3	4	4	4	4	4	4	4	4	4	4	3	4	4
191	3	4	4	4	4	4	4	4	4	4	4	4	3	4	4
192	3	4	4	4	4	4	4	4	4	4	4	4	3	4	4
193	3	1	4	4	4	4	4	4	4	4	4	4	3	4	4
194	3	4	4	4	4	4	4	4	4	4	4	4	3	4	4
195	3	4	4	4	4	4	4	4	4	4	4	4	3	4	4
196	3	4	3	4	4	4	4	4	4	4	4	4	4	4	4
197	3	4	3	4	4	4	4	4	4	4	4	4	4	4	4
198	3	4	3	4	4	4	4	4	4	4	4	4	4	4	4
199	3	4	3	4	4	4	4	4	4	4	4	4	4	4	4
200	3	4	3	4	4	4	4	4	4	4	4	4	4	4	4
201	3	4	3	4	4	4	4	4	4	4	4	4	4	4	4
202	3	4	3	4	4	4	4	4	4	4	4	4	4	4	4
203	3	4	3	4	4	4	4	4	4	4	4	4	4	4	4
204	3	4	3	4	4	4	4	4	4	4	4	4	4	4	4
205	3	4	3	4	4	4	4	4	4	4	4	4	4	4	4
206	3	4	3	4	4	4	4	4	4	4	4	4	4	4	4
207	3	4	3	4	4	4	4	4	4	4	4	4	4	4	4
208	3	4	4	4	4	4	4	4	4	4	4	4	4	3	4
209	3	4	4	4	4	4	4	4	4	4	4	4	4	3	4
210	3	4	4	4	4	4	4	4	4	4	4	4	4	1	4
211	3	4	4	4	4	4	4	4	4	4	4	4	4	1	4
212	3	4	4	4	4	4	4	4	4	4	4	4	4	3	4
213	3	4	4	4	4	4	4	4	4	4	4	4	4	3	4
214	3	4	4	4	4	4	4	4	4	4	4	4	4	3	4
215	3	4	4	4	4	4	3	4	4	4	4	3	3	4	4
216	1	4	4	4	4	4	4	4	4	4	4	4	4	4	4
217	3	4	4	4	4	4	4	4	4	4	4	4	4	4	4
218	3	4	4	1	4	4	4	4	4	4	4	4	4	4	4
219	3	4	4	4	4	4	1	4	4	4	4	3	3	4	4
220	3	4	4	3	4	4	4	4	4	4	4	4	4	4	4
221	4	4	4	3	4	4	4	4	4	4	4	4	4	4	4
222	3	4	4	4	4	4	3	4	4	4	4	3	3	4	4
223	3	4	4	4	4	4	4	4	4	4	4	4	4	4	4
224	3	4	4	4	4	4	4	4	4	4	4	4	4	4	4
225	3	4	4	4	4	4	4	4	4	4	4	4	4	4	4
226	3	4	4	4	4	4	3	4	4	4	4	3	3	4	4
227	3	4	4	4	4	4	3	4	4	4	4	3	1	4	4
228	3	4	4	3	4	4	4	4	4	4	4	4	4	4	4
229	3	4	4	3	4	4	4	4	4	4	4	4	4	4	4
230	3	4	4	4	4	4	3	4	4	4	4	3	3	4	4
231	3	4	4	4	4	4	4	4	4	4	4	4	4	4	4
232	3	4	4	4	4	4	3	4	4	4	4	3	3	4	4
233	3	4	4	4	4	4	3	4	4	4	4	3	1	4	4
234	3	4	4	4	4	4	1	4	4	4	4	3	3	4	4
235	3	4	4	4	4	4	4	4	4	4	4	4	4	3	4
236	3	4	4	4	4	4	4	4	4	4	4	4	4	3	4
237	3	3	4	4	4	4	4	4	4	4	4	4	4	3	4
238	3	4	4	4	4	4	4	4	4	4	4	4	4	3	4
239	3	4	4	4	4	4	4	4	4	4	4	4	4	3	4
240	1	4	4	4	4	4	4	4	4	4	4	4	4	3	4
241	3	4	4	4	4	4	4	4	4	4	4	4	4	3	4
242	3	4	4	4	4	4	4	4	4	4	4	4	4	3	4
243	3	4	4	4	4	4	4	4	4	4	4	4	4	3	4
244	3	4	4	4	4	4	4	4	4	4	4	4	4	3	4
245	1	4	4	4	4	4	4	4	4	4	4	4	4	3	4
246	3	4	4	4	4	4	4	4	4	4	4	4	4	3	4
247	3	4	4	4	4	4	4	4	4	4	4	4	4	3	4
248	4	3	4	4	4	4	4	4	4	4	4	4	4	3	4
249	3	4	4	4	4	4	4	4	4	4	4	4	4	3	4
250	3	4	3	4	4	4	4	4	3	4	4	4	4	4	4
251	3	4	3	4	4	4	4	4	3	4	4	4	4	4	4
252	3	4	3	4	4	4	4	4	3	4	4	4	4	4	4
253	3	4	3	4	4	4	4	4	3	4	4	4	4	4	4
254	1	4	3	4	4	4	4	4	3	4	4	4	4	4	4
255	3	4	3	4	4	4	4	4	3	4	4	4	4	4	4
256	3	4	3	4	4	4	4	4	3	4	4	4	4	4	4
257	3	4	4	4	4	4	4	4	4	4	4	4	4	4	4
258	1	4	4	4	4	4	4	4	4	4	4	4	4	4	4
259	3	4	4	4	4	4	4	4	4	4	4	4	4	4	4
260	3	4	4	4	4	4	4	4	4	4	4	4	4	4	4
261	3	4	4	4	4	4	4	4	4	4	4	4	4	4	4
262	3	4	4	4	4	4	4	4	4	4	4	4	4	4	4
263	3	1	4	4	4	4	4	4	4	4	4	4	4	4	4
264	3	1	4	4	4	4	4	4	4	4	4	4	4	4	4
265	3	4	4	4	4	4	4	4	4	4	4	4	4	4	4
266	1	4	4	4	4	4	4	4	4	4	4	4	4	4	4
267	3	4	4	4	4	4	4	4	4	4	4	4	4	4	4
268	3	4	4	4	4	4	4	4	4	4	4	4	4	4	4
269	3	4	4	4	4	4	4	4	4	4	4	4	4	4	4
270	3	4	4	4	4	4	4	4	4	4	4	4	4	4	4
271	3	4	4	4	4	4	4	4	4	4	4	4	4	4	4
272	3	4	4	4	4	4	4	4	4	4	4	4	4	4	4
273	3	4	4	4	4	4	4	4	4	4	4	4	4	4	4
274	3	4	4	4	4	4	4	4	4	4	4	4	4	4	4
275	3	4	4	4	4	4	4	4	4	4	4	4	4	4	4
276	3	4	4	4	4	4	4	4	4	4	4	4	4	4	4
277	3	4	4	4	4	4	4	4	4	4	4	4	4	4	4
278	3	4	4	4	4	4	4	4	4	4	4	4	4	4	4
279	3	4	4	4	4	4	4	4	4	4	4	4	4	4	4
280	3	4	4	4	4	4	4	4	4	4	4	4	4	4	4
281	3	4	4	4	4	4	4	4	4	4	4	4	4	4	4
282	3	4	4	4	4	4	4	4	4	4	4	4	4	4	4
283	3	4	4	4	4	4	4	4	4	4	4	4	4	4	4
284	3	4	4	4	4	4	4	4	4	4	4	4	4	4	4
285	3	4	4	4	4	4	4	4	4	4	4	4	4	4	4
286	3	4	4	4	4	4	4	4	4	4	4	4	4	4	4
287	3	3	4	4	4	4	3	4	4	4	4	4	3	4	4
288	3	3	4	4	4	4	3	4	4	4	4	4	3	4	4
289	3	3	4	4	4	4	3	4	4	4	4	4	3	4	4
290	3	3	4	4	4	4	3	4	4	4	4	4	3	4	4
291	3	3	4	4	4	4	3	4	4	4	4	4	3	4	4
292	3	3	4	4	4	4	3	4	4	4	4	4	3	4	4
293	3	3	4	4	4	4	3	4	4	4	4	4	3	4	4
294	3	3	4	4	4	4	3	4	4	4	4	4	3	4	4
295	3	3	4	4	4	4	3	4	4	4	4	4	3	4	4
296	3	4	4	4	4	4	4	4	3	4	4	4	4	4	4
297	3	4	4	4	4	4	4	4	3	4	4	4	4	4	4
298	3	4	4	4	4	4	4	4	3	4	4	4	4	4	4
299	3	4	4	4	4	4	4	4	3	4	4	4	4	4	4
300	3	4	4	4	4	4	4	4	3	4	4	4	4	4	4
301	3	4	4	4	4	4	4	4	3	4	4	4	4	4	4
302	3	4	4	4	4	4	4	4	3	4	4	4	4	4	4
303	3	4	4	4	4	4	4	4	3	4	4	4	4	4	4
304	1	4	4	4	4	4	4	4	3	4	4	4	4	4	4
305	3	4	4	4	4	4	4	4	3	4	4	4	4	4	4
306	3	4	4	4	4	4	4	4	3	4	4	4	4	4	4
307	3	4	4	4	4	4	4	4	3	4	4	4	4	4	4
308	3	4	4	4	4	3	4	4	4	4	2	4	4	4	4
309	3	4	4	4	4	1	4	4	4	4	2	4	4	4	4
310	3	4	4	4	4	3	4	4	4	4	2	4	4	4	4
311	3	4	4	4	4	4	4	4	4	4	2	4	4	4	4
312	3	4	4	4	4	3	4	4	4	4	2	4	4	4	4
313	3	4	4	4	4	4	4	4	4	4	2	4	4	4	4
314	3	4	4	4	4	3	4	4	4	4	2	4	4	4	4
315	3	4	4	4	4	4	4	4	4	4	2	4	4	4	4
316	3	4	4	4	4	3	4	4	4	4	2	4	4	4	4
317	3	4	4	4	4	4	4	4	4	4	2	4	4	4	4
318	3	4	4	4	4	3	4	4	4	4	2	4	4	4	4
319	3	4	4	4	4	3	4	4	4	4	2	4	4	4	4
320	3	1	4	4	4	4	4	4	4	4	2	4	4	4	4
321	3	4	4	4	4	4	4	4	4	4	2	4	4	4	4
322	3	1	4	4	4	4	4	4	4	4	2	4	4	4	4
323	3	4	4	4	4	1	4	4	4	4	2	4	4	4	4
324	3	3	4	4	4	4	4	4	4	4	2	4	4	4	4
325	3	4	4	4	4	3	4	4	4	4	2	4	4	4	4
326	3	1	4	4	4	4	4	4	4	4	2	4	4	4	4
327	3	4	4	4	4	3	4	4	4	4	2	4	4	4	4
328	1	3	4	4	4	4	4	4	4	4	2	4	4	4	4
329	3	4	4	4	3	4	4	4	4	4	4	3	4	4	4
330	3	4	4	4	3	4	4	4	4	4	4	3	4	4	4
331	3	4	4	4	3	4	4	4	4	4	4	3	4	4	4
332	3	4	4	4	3	4	4	4	4	4	4	3	4	4	4
333	3	4	4	4	3	4	4	4	4	4	4	3	4	4	4
334	3	4	4	4	3	4	4	4	4	4	4	3	4	4	4
335	3	4	4	4	3	4	4	4	4	4	4	3	4	4	4
336	3	4	4	4	3	4	4	4	4	4	4	3	4	4	4
337	3	4	4	4	3	4	4	4	4	4	4	3	4	4	4
338	3	4	4	4	3	4	4	4	4	4	4	3	4	4	4
339	3	4	4	4	3	4	4	4	4	4	4	1	4	4	4
340	3	4	4	4	3	4	4	4	4	4	4	3	4	4	4
341	3	4	4	4	3	4	4	4	4	4	4	3	4	4	4
342	3	4	4	4	3	4	4	4	4	4	4	3	4	4	4
343	1	3	4	4	4	4	4	4	3	4	4	3	4	4	4
344	3	4	4	4	4	4	4	4	3	4	4	3	4	4	4
345	3	4	4	4	4	4	4	4	3	4	4	3	4	4	4
346	3	4	4	4	4	4	4	4	3	4	4	1	4	4	4
347	3	3	4	4	4	4	4	4	3	4	4	3	4	4	4
348	3	3	4	4	4	4	4	4	3	4	4	3	4	4	4
349	3	1	4	4	4	4	4	4	3	4	4	3	4	4	4
350	3	4	4	4	4	4	4	4	3	4	4	3	4	4	4
351	3	3	4	4	4	4	4	4	3	4	4	3	4	4	4
352	3	3	4	4	4	4	4	4	1	4	4	3	4	4	4
353	3	4	3	4	4	4	4	4	4	4	4	4	4	4	4
354	3	1	4	3	4	4	4	4	4	4	4	4	4	4	4
355	3	4	3	4	4	4	4	4	4	4	4	4	4	4	4
356	3	4	4	3	4	4	4	4	4	4	4	4	4	4	4
357	3	3	4	3	4	4	4	4	4	4	4	4	4	4	4
358	3	1	4	3	4	4	4	4	4	4	4	4	4	4	4
359	3	4	4	3	4	4	4	4	4	4	4	4	4	4	4
360	3	4	4	3	4	4	4	4	4	4	4	4	4	4	4
361	3	4	3	4	4	4	4	4	4	4	4	4	4	4	4
362	3	4	4	3	4	4	4	4	4	4	4	4	4	4	4
363	3	4	1	4	4	4	4	4	4	4	4	4	4	4	4
364	3	4	4	3	4	4	4	4	4	4	4	4	4	4	4
365	3	4	4	3	4	4	4	4	4	4	4	4	4	4	4
366	3	1	4	3	4	4	4	4	4	4	4	4	4	4	4
367	3	4	3	4	4	4	4	4	4	4	4	4	4	4	4
368	3	4	3	4	4	4	4	4	4	4	4	4	4	4	4
369	3	1	4	3	4	4	4	4	4	4	4	4	4	4	4
370	3	4	1	4	4	4	4	4	4	4	4	4	4	4	4
371	3	3	4	3	4	4	4	4	4	4	4	4	4	4	4
372	3	1	4	4	4	3	4	4	4	4	4	4	4	4	4
373	3	3	4	4	4	3	4	4	4	4	4	4	4	4	4
374	3	1	4	4	4	3	4	4	4	4	4	4	4	4	4
375	3	3	4	4	4	3	4	4	4	4	4	4	4	4	4
376	3	3	4	4	4	3	4	4	4	4	4	4	4	4	4
377	3	3	4	4	4	3	4	4	4	4	4	4	4	4	4
378	3	3	4	4	4	3	4	4	4	4	4	4	4	4	4
379	3	3	4	4	4	3	4	4	4	4	4	4	4	4	4
380	4	3	4	4	4	3	4	4	4	4	4	4	4	4	4
381	3	3	4	4	4	3	4	4	4	4	4	4	4	4	4
382	4	1	4	4	4	3	4	4	4	4	4	4	4	4	4
383	1	3	4	4	4	3	4	4	4	4	4	4	4	4	4
384	3	1	4	4	4	3	4	4	4	4	4	4	4	4	4
385	3	4	4	4	4	4	4	4	4	4	4	4	2	4	4
386	3	1	4	4	4	3	4	4	4	4	4	4	2	4	4
387	3	4	3	3	4	3	4	4	4	4	4	4	2	4	4
388	3	4	4	4	4	4	4	4	4	4	4	4	2	4	4
389	3	4	4	4	4	4	4	4	4	4	4	4	2	4	4
390	3	4	1	3	4	3	4	4	4	4	4	4	2	4	4
391	3	4	4	4	4	4	4	4	4	4	4	4	2	4	4
392	3	3	4	4	4	3	4	4	4	4	4	4	2	4	4
393	1	4	4	4	4	4	4	4	4	4	4	4	2	4	4
394	3	4	4	4	4	4	4	4	4	4	4	4	2	4	4
395	3	4	4	4	4	4	4	4	4	4	4	4	2	4	4
396	3	1	4	4	4	3	4	4	4	4	4	4	2	4	4
397	3	4	3	3	4	3	4	4	4	4	4	4	2	4	4
398	3	4	4	4	4	4	4	4	4	4	4	4	2	4	4
399	3	1	4	4	4	3	4	4	4	4	4	4	2	4	4
400	3	4	4	4	4	4	4	4	4	4	4	4	2	4	4
401	3	4	4	4	4	4	4	4	4	4	4	4	2	4	4
402	3	3	4	4	4	3	4	4	4	4	4	4	2	4	4
403	3	4	1	3	4	3	4	4	4	4	4	4	2	4	4
404	3	4	4	4	4	4	4	4	4	4	4	4	2	4	4
405	3	3	4	3	4	4	4	4	3	4	3	4	2	2	4
406	3	4	4	4	4	4	4	4	4	4	3	4	2	2	4
407	3	3	4	3	4	4	4	4	3	4	3	4	2	2	4
408	3	3	4	3	4	4	4	4	3	4	3	4	2	2	4
409	3	4	4	4	4	4	4	4	4	4	3	4	2	2	4
410	3	3	4	4	4	4	4	4	3	4	3	4	2	2	4
411	3	3	4	3	4	4	4	4	3	4	3	4	2	2	4
412	3	3	4	3	4	4	4	4	3	4	3	4	2	2	4
413	3	3	4	4	4	4	4	4	3	4	3	4	2	2	4
414	1	4	4	4	4	4	4	4	4	4	3	4	2	2	4
415	3	3	4	1	4	4	4	4	3	4	3	4	2	2	4
416	3	4	4	4	4	4	4	4	4	4	3	4	2	2	4
417	3	1	4	4	4	4	4	4	4	4	3	4	2	2	4
418	3	4	4	4	4	4	4	4	4	4	3	4	2	2	4
419	3	4	4	4	4	4	4	4	4	4	3	4	2	2	4
420	3	4	4	4	4	4	4	4	4	4	3	4	2	2	4
421	3	4	4	4	4	4	4	4	4	4	3	4	2	2	4
422	3	1	4	4	4	4	4	4	3	4	3	4	2	2	4
423	3	3	4	1	4	4	4	4	3	4	3	4	2	2	4
424	3	1	4	4	4	4	4	4	3	4	3	4	2	2	4
425	3	3	4	3	4	4	4	4	3	4	3	4	2	2	4
426	3	3	4	4	4	4	4	4	3	4	3	4	2	2	4
427	3	3	4	4	4	4	4	4	3	4	3	4	2	2	4
428	3	1	4	3	4	4	4	4	3	4	3	4	2	2	4
429	3	4	4	4	4	4	4	4	4	4	3	4	2	2	4
430	3	1	4	4	4	4	4	4	4	4	3	4	2	2	4
431	3	3	4	3	4	4	4	4	3	4	3	4	2	2	4
432	3	4	4	4	4	4	4	4	4	4	3	4	2	2	4
433	3	3	4	3	4	4	4	4	3	4	3	4	2	2	4
434	3	4	3	4	4	4	3	4	4	4	4	4	4	4	4
435	3	4	3	4	4	4	3	4	4	4	4	4	4	4	4
436	3	4	3	4	4	4	3	4	4	4	4	4	4	4	4
437	3	4	3	4	4	4	3	4	4	4	4	4	4	4	4
438	3	4	3	4	4	4	3	4	4	4	4	4	4	4	4
439	3	4	3	4	4	4	3	4	4	4	4	4	4	4	4
440	3	4	1	4	4	4	3	4	4	4	4	4	4	4	4
441	3	4	3	4	4	4	3	4	4	4	4	4	4	4	4
442	3	4	1	4	4	4	3	4	4	4	4	4	4	4	4
443	3	4	3	4	4	4	3	4	4	4	4	4	4	4	4
444	3	4	3	4	4	4	3	4	4	4	4	4	4	4	4
445	3	4	4	4	4	4	4	4	4	4	4	4	4	4	4
446	3	4	4	4	4	4	4	4	4	4	4	4	4	4	4
447	1	4	4	4	4	4	4	4	4	4	4	4	4	4	4
448	3	4	4	4	4	4	4	4	4	4	4	4	4	4	4
449	3	4	4	4	4	4	4	4	4	4	4	4	4	4	4
450	1	4	4	4	4	4	4	4	4	4	4	4	4	4	4
451	3	4	4	4	4	4	4	4	4	4	4	4	4	4	4
452	3	4	4	4	4	4	4	4	4	4	4	4	4	4	4
453	3	4	4	4	4	4	4	4	4	4	4	4	4	4	4
454	3	4	4	4	4	4	4	4	4	4	4	4	4	4	4
455	3	4	4	4	4	4	4	4	4	4	4	4	4	4	4
456	3	4	4	4	4	4	4	4	4	4	4	4	4	4	4
457	3	4	4	4	4	4	4	4	4	4	4	4	4	4	4
458	3	4	4	4	4	4	4	4	4	4	4	4	4	4	4
459	3	4	4	4	4	4	4	4	4	4	4	4	4	4	4
460	3	4	4	4	4	4	4	4	4	4	4	4	4	4	4
461	3	4	3	4	4	3	4	4	4	4	4	4	4	4	4
462	3	4	3	4	4	3	4	4	4	4	4	4	4	4	4
463	4	4	4	3	4	4	4	4	4	4	4	4	4	4	4
464	3	4	4	3	4	4	4	4	4	4	4	4	4	4	4
465	3	4	4	3	4	4	4	4	4	4	4	4	4	4	4
466	3	4	3	4	4	1	4	4	4	4	4	4	4	4	4
467	3	4	3	4	4	3	4	4	4	4	4	4	4	4	4
468	4	4	4	3	4	4	4	4	4	4	4	4	4	4	4
469	3	4	3	4	4	3	4	4	4	4	4	4	4	4	4
470	3	4	3	4	4	3	4	4	4	4	4	4	4	4	4
471	3	4	3	4	4	3	4	4	4	4	4	4	4	4	4
472	3	4	3	4	4	3	4	4	4	4	4	4	4	4	4
473	3	4	3	4	4	3	4	4	4	4	4	4	4	4	4
474	3	4	3	4	4	3	4	4	4	4	4	4	4	4	4
475	3	1	1	4	4	3	4	4	4	4	4	4	4	4	4
476	3	1	1	4	4	3	4	4	4	4	4	4	4	4	4
477	3	4	3	4	4	3	4	4	4	4	4	4	4	4	4
478	3	4	3	4	4	3	4	4	4	4	4	4	4	4	4
479	3	4	3	3	4	4	4	4	4	4	4	4	4	4	4
480	3	4	3	3	4	4	4	4	4	4	4	4	4	4	4
481	3	4	3	3	4	4	4	4	4	4	4	4	4	4	4
482	3	4	3	3	4	4	4	4	4	4	4	4	4	4	4
483	4	4	3	3	4	4	4	4	4	4	4	4	4	4	4
484	3	4	3	3	4	4	4	4	4	4	4	4	4	4	4
485	4	4	3	3	4	4	4	4	4	4	4	4	4	4	4
486	4	4	3	3	4	4	4	4	4	4	4	4	4	4	4
487	3	4	3	3	4	4	4	4	4	4	4	4	4	4	4
488	3	4	3	3	4	4	4	4	4	4	4	4	4	4	4
489	3	4	3	3	4	4	4	4	4	4	4	4	4	4	4
490	4	4	3	3	4	4	4	4	4	4	4	4	4	4	4
491	3	4	3	3	4	4	4	4	4	4	4	4	4	4	4
492	1	4	1	3	4	4	4	4	4	4	4	4	4	4	4
493	3	4	4	4	4	4	4	4	1	4	4	4	4	4	4
494	3	3	4	4	4	4	4	4	1	4	4	4	4	4	4
495	3	3	4	4	4	4	4	4	3	4	4	4	4	4	4
496	3	4	4	4	4	4	4	4	1	4	4	4	4	4	4
497	3	4	4	4	4	4	4	4	3	4	4	4	4	4	4
498	4	4	4	4	4	4	4	4	3	4	4	4	4	4	4
499	3	3	4	4	4	4	4	4	3	4	4	4	4	4	4
500	4	4	4	4	4	4	4	4	3	4	4	4	4	4	4
501	3	4	4	4	4	4	4	4	3	4	4	4	4	4	4
502	1	4	4	4	4	4	4	4	3	4	4	4	4	4	4
503	3	4	4	4	4	4	4	4	3	4	4	4	4	4	4
504	3	3	4	4	4	4	4	4	3	4	4	4	4	4	4
505	3	1	4	4	4	4	4	4	3	4	4	4	4	4	4
506	3	4	4	4	4	4	4	4	3	4	4	4	4	4	4
507	3	4	4	3	4	4	4	4	4	3	4	4	4	4	4
508	3	4	4	3	4	4	4	4	4	1	4	4	4	4	4
509	3	4	4	3	4	4	4	4	4	3	4	4	4	4	4
510	3	4	4	3	4	4	4	4	4	3	4	4	4	4	4
511	3	4	4	1	4	4	4	4	4	3	4	4	4	4	4
512	3	4	4	3	4	4	4	4	4	3	4	4	4	4	4
513	3	4	4	3	4	4	4	4	4	3	4	4	4	4	4
514	3	4	4	3	4	4	4	4	4	3	4	4	4	4	4
515	3	4	4	3	3	3	4	4	4	4	3	4	4	4	4
516	3	4	4	3	3	3	4	4	4	4	1	4	4	4	4
517	3	4	4	1	3	3	4	4	4	4	3	4	4	4	4
518	3	4	4	3	3	3	4	4	4	4	3	4	4	4	4
519	1	4	4	3	3	3	4	4	4	4	1	4	4	4	4
520	3	4	4	1	3	3	4	4	4	4	3	4	4	4	4
521	3	4	4	3	3	3	4	4	4	4	3	4	4	4	4
522	3	4	4	3	3	3	4	4	4	4	3	4	4	4	4
523	3	4	4	3	3	3	4	4	4	4	3	4	4	4	4
524	3	4	4	3	3	3	4	4	4	4	3	4	4	4	4
525	3	4	4	3	3	3	4	4	4	4	3	4	4	4	4
526	3	4	3	3	4	4	4	4	4	4	4	4	4	4	4
527	3	4	4	3	4	4	4	4	4	4	4	4	4	4	4
528	3	4	4	3	4	4	4	4	4	4	4	4	4	4	4
529	3	4	4	3	4	4	4	4	4	4	4	4	4	4	4
530	3	4	4	3	4	4	4	4	4	4	4	4	4	4	4
531	3	4	4	3	4	4	4	4	4	4	4	4	4	4	4
532	3	4	4	3	4	4	4	4	4	4	4	4	4	4	4
533	3	4	1	3	4	4	4	4	4	4	4	4	4	4	4
534	3	4	4	3	4	4	4	4	4	4	4	4	4	4	4
535	1	4	3	3	4	4	4	4	4	4	4	4	4	4	4
536	3	3	4	4	4	4	4	4	4	4	4	4	4	4	4
537	3	3	4	4	4	4	4	4	4	4	4	4	4	4	4
538	1	3	4	4	4	4	4	4	4	4	4	4	4	4	4
539	3	3	4	4	4	4	4	4	4	4	4	4	4	4	4
540	1	3	4	4	4	4	4	4	4	4	4	4	4	4	4
541	3	3	4	4	4	4	4	4	4	4	4	4	4	4	4
542	3	3	4	4	4	4	4	4	4	4	4	4	4	4	4
543	3	3	4	4	4	4	4	4	4	4	4	4	4	4	4
544	3	3	4	4	4	4	4	4	4	4	4	4	4	4	4
545	3	3	4	4	4	4	4	4	4	4	4	4	4	4	4
546	3	3	4	4	4	4	4	4	4	4	4	4	4	4	4
547	3	3	4	4	4	4	4	4	4	4	4	4	4	4	4
548	1	3	4	4	4	4	4	4	4	4	4	4	4	4	4
549	3	3	4	4	4	4	4	4	4	4	4	4	4	4	4
550	3	3	4	4	4	4	4	4	4	4	4	4	4	4	4
551	3	4	4	4	4	4	4	4	4	4	4	4	4	4	4
552	3	4	4	4	4	4	4	4	4	4	4	4	4	4	4
553	3	4	4	4	4	4	4	4	4	4	4	4	4	4	4
554	3	4	4	4	4	4	4	4	4	4	4	4	4	4	4
555	3	4	4	4	4	4	4	4	4	4	4	4	4	4	4
556	3	4	4	4	4	4	4	4	4	4	4	4	4	4	4
557	3	4	4	4	4	4	4	4	4	4	4	4	4	4	4
558	3	4	4	4	4	4	4	4	4	4	4	4	4	4	4
559	3	4	4	4	4	4	4	4	4	4	4	4	4	4	4
560	3	4	4	4	4	4	4	4	4	4	4	4	4	4	4
561	3	4	4	4	4	4	4	4	4	4	4	4	4	4	4
562	3	4	4	4	4	4	4	4	4	4	4	4	4	4	4
563	3	4	4	4	4	4	4	4	4	4	4	4	4	4	4
564	3	4	4	4	4	4	4	4	4	4	4	4	4	4	4
565	3	4	4	4	4	4	4	4	4	4	4	4	4	4	4
566	3	4	4	4	4	4	4	4	4	4	4	4	4	4	4
567	3	4	4	4	2	3	4	4	4	4	4	4	2	2	4
568	3	4	4	4	2	3	4	4	4	4	4	4	2	2	4
569	3	4	4	4	2	3	4	4	4	4	4	4	2	2	4
570	3	4	4	4	2	3	4	4	4	4	4	4	2	2	4
571	3	4	4	4	2	3	4	4	4	4	4	4	2	2	4
572	3	4	4	4	2	3	4	4	4	4	4	4	2	2	4
573	3	4	4	4	2	3	4	4	4	4	4	4	2	2	4
574	3	4	4	4	2	3	4	4	4	4	4	4	2	2	4
575	3	4	4	4	2	3	4	4	4	4	4	4	2	2	4
576	3	4	4	4	2	3	4	4	4	4	4	4	2	2	4
577	3	4	4	4	2	3	4	4	4	4	4	4	2	2	4
578	3	4	4	4	2	3	4	4	4	4	4	4	2	2	4
579	3	4	4	4	2	3	4	4	4	4	4	4	2	2	4
580	3	4	4	4	2	3	4	4	4	4	4	4	2	2	4
581	3	4	4	4	2	3	4	4	4	4	4	4	2	2	4
582	3	4	4	4	2	3	4	4	4	4	4	4	2	2	4
583	3	4	4	4	2	3	4	4	4	4	4	4	2	2	4
584	3	4	4	4	2	3	4	4	4	4	4	4	2	2	4
585	3	4	4	4	2	3	4	4	4	4	4	4	2	2	4
586	3	4	4	4	2	3	4	4	4	4	4	4	2	2	4
587	3	4	4	4	4	4	4	3	4	4	4	4	4	4	4
588	3	4	4	4	4	4	4	3	4	4	4	4	4	4	4
589	3	4	4	4	4	4	4	3	4	4	4	4	4	4	4
590	3	4	4	4	4	4	4	3	4	4	4	4	4	4	4
591	3	4	4	4	4	4	4	3	4	4	4	4	4	4	4
592	3	4	4	4	4	4	4	3	4	4	4	4	4	4	4
593	3	4	4	4	4	4	4	3	4	4	4	4	4	4	4
594	3	4	4	4	4	4	4	3	4	4	4	4	4	4	4
595	3	4	4	4	4	4	4	3	4	4	4	4	4	4	4
596	3	4	4	4	4	4	4	3	4	4	4	4	4	4	4
597	3	4	4	4	4	4	4	1	4	4	4	4	4	4	4
598	3	4	4	4	4	4	4	3	4	4	4	4	4	4	4
599	3	4	4	4	4	4	4	3	4	4	4	4	4	4	4
600	3	3	4	4	4	4	4	4	4	4	4	4	4	4	4
601	3	4	4	4	4	4	4	4	4	4	4	4	4	4	4
602	3	3	4	4	4	4	4	4	4	4	4	4	4	4	4
603	3	3	4	4	4	4	4	4	4	4	4	4	4	4	4
604	3	3	4	4	4	4	4	4	4	4	4	4	4	4	4
605	3	3	4	4	4	4	4	4	4	4	4	4	4	4	4
606	3	3	4	4	4	4	4	4	4	4	4	4	4	4	4
607	3	3	4	4	4	4	4	4	4	4	4	4	4	4	4
608	3	4	4	4	4	4	4	4	4	4	4	4	4	4	4
609	3	3	4	4	4	4	4	4	4	4	4	4	4	4	4
610	3	3	4	4	4	4	4	4	4	4	4	4	4	4	4
611	3	3	4	4	4	4	4	4	4	4	4	4	4	4	4
612	3	3	4	4	4	4	4	4	4	4	4	4	4	4	4
613	3	3	4	4	4	4	4	4	4	4	4	4	4	4	4
614	3	4	4	4	4	4	4	4	4	4	4	4	4	4	4
615	3	3	4	4	4	4	4	4	4	4	4	4	4	4	4
616	3	3	4	4	4	4	4	4	4	4	4	4	4	4	4
617	3	3	4	4	4	4	4	4	4	4	4	4	4	4	4
618	1	3	4	4	4	4	4	4	4	4	4	4	4	4	4
619	3	4	4	4	4	4	4	4	4	4	4	4	3	4	4
620	3	4	4	4	4	4	4	4	4	4	4	4	3	4	4
621	3	4	4	4	4	4	4	4	4	4	4	4	3	4	4
622	3	4	4	4	4	4	4	4	4	4	4	4	3	4	4
623	3	4	4	4	4	4	4	4	4	4	4	4	3	4	4
624	3	4	4	4	4	4	4	4	4	4	4	4	3	4	4
625	3	4	4	4	4	4	4	4	4	4	4	4	3	4	4
626	3	4	4	4	4	4	4	4	4	4	4	4	3	4	4
627	3	4	4	4	4	4	4	4	4	4	4	4	3	4	4
628	3	4	4	4	4	4	4	4	4	4	4	4	3	4	4
629	3	4	4	4	4	4	4	4	4	4	4	4	3	4	4
630	1	4	4	4	4	4	4	4	4	4	4	4	3	4	4
631	3	4	4	4	4	4	4	4	4	4	4	4	3	4	4
632	3	3	4	4	4	4	4	4	4	4	4	4	4	4	4
633	3	4	4	4	3	4	4	4	4	3	4	4	4	4	4
634	3	4	4	4	3	4	4	4	4	3	4	4	4	4	4
635	3	3	4	4	4	4	4	4	4	4	4	4	4	4	4
636	3	3	4	4	4	4	4	4	4	4	4	4	4	4	4
637	3	3	4	4	4	4	4	4	4	4	4	4	4	4	4
638	3	3	4	4	4	4	4	4	4	4	4	4	4	4	4
639	3	4	4	4	3	4	4	4	4	1	4	4	4	4	4
640	3	4	4	4	3	4	4	4	4	3	4	4	4	4	4
641	3	4	4	4	3	4	4	4	4	3	4	4	4	4	4
642	3	4	4	4	3	4	4	4	4	3	4	4	4	4	4
643	3	4	4	4	3	4	4	4	4	1	4	4	4	4	4
644	3	3	4	4	4	4	4	4	4	4	4	4	4	4	4
645	3	3	4	4	4	4	4	4	4	4	4	4	4	4	4
646	3	3	4	4	4	4	4	4	4	4	4	4	4	4	4
647	3	3	4	4	4	4	4	4	4	4	4	4	4	4	4
648	3	4	3	3	4	4	3	3	4	4	4	3	4	4	4
649	3	4	3	3	4	4	3	3	4	4	4	3	4	4	4
650	3	4	3	3	4	4	3	3	4	4	4	3	4	4	4
651	3	4	3	3	4	4	3	3	4	4	4	3	4	4	4
652	3	4	3	4	4	4	3	3	4	4	4	3	4	4	4
653	3	4	3	4	4	4	3	3	4	4	4	1	4	4	4
654	1	4	3	3	4	4	3	3	4	4	4	3	4	4	4
655	3	4	3	3	4	4	3	3	4	4	4	3	4	4	4
656	3	4	3	4	4	4	3	1	4	4	4	3	4	4	4
657	3	4	3	4	4	4	3	1	4	4	4	3	4	4	4
658	3	4	3	3	4	4	3	3	4	4	4	3	4	4	4
659	3	4	3	4	4	4	3	3	4	4	4	3	4	4	4
660	1	3	4	4	4	4	4	4	4	4	4	4	4	4	4
661	3	4	4	4	4	3	4	4	4	4	4	4	4	4	4
662	3	3	4	4	4	4	4	4	4	4	4	4	4	4	4
663	3	3	4	4	4	4	4	4	4	4	4	4	4	4	4
664	3	3	4	4	4	4	4	4	4	4	4	4	4	4	4
665	3	1	4	4	4	4	4	4	4	4	4	4	4	4	4
666	3	3	4	4	4	4	4	4	4	4	4	4	4	4	4
667	1	3	4	4	4	4	4	4	4	4	4	4	4	4	4
668	3	4	4	4	4	3	4	4	4	4	4	4	4	4	4
669	3	4	4	4	4	3	4	4	4	4	4	4	4	4	4
670	3	4	4	4	4	3	4	4	4	4	4	4	4	4	4
671	3	3	4	4	4	4	3	4	4	4	4	4	4	1	4
672	3	3	4	4	4	4	1	4	4	4	4	4	4	3	4
673	1	3	4	4	4	4	3	4	4	4	4	4	4	3	4
674	3	3	4	4	4	4	3	4	4	4	4	4	4	3	4
675	3	3	4	4	4	4	3	4	4	4	4	4	4	3	4
676	3	3	4	4	4	4	3	4	4	4	4	4	4	3	4
677	1	3	4	4	4	4	3	4	4	4	4	4	4	3	4
678	3	3	4	4	4	4	3	4	4	4	4	4	4	3	4
679	3	3	4	4	4	4	3	4	4	4	4	4	4	3	4
680	3	3	4	4	4	4	1	4	4	4	4	4	4	3	4
681	3	3	4	4	4	4	3	4	4	4	4	4	4	3	4
682	1	3	4	4	4	4	3	4	4	4	4	4	4	3	4
683	3	3	4	4	4	4	3	4	4	4	4	4	4	3	4
684	1	3	4	4	4	4	3	4	4	4	4	4	4	3	4
685	3	3	4	4	4	4	3	4	4	4	4	4	4	3	4
686	3	4	3	3	4	4	4	4	4	4	4	4	4	4	4
687	3	4	3	3	4	4	4	4	4	4	4	4	4	4	4
688	3	4	3	3	4	4	4	4	4	4	4	4	4	4	4
689	3	4	3	3	4	4	4	4	4	4	4	4	4	4	4
690	1	4	3	3	4	4	4	4	4	4	4	4	4	4	4
691	3	4	3	3	4	4	4	4	4	4	4	4	4	4	4
692	3	4	3	1	4	4	4	4	4	4	4	4	4	4	4
693	3	4	3	3	4	4	4	4	4	4	4	4	4	4	4
694	3	4	3	3	4	4	4	4	4	4	4	4	4	4	4
695	3	4	1	1	4	4	4	4	4	4	4	4	4	4	4
696	3	4	3	3	4	4	4	4	4	4	4	4	4	4	4
697	3	4	3	3	4	4	4	4	4	4	4	4	4	4	4
698	3	4	4	4	4	4	4	4	4	4	4	4	4	4	4
699	1	4	4	4	4	4	4	4	4	4	4	4	4	4	4
700	3	4	4	4	4	4	4	4	4	4	4	4	4	4	4
701	3	4	4	4	4	4	4	4	4	4	4	4	4	4	4
702	3	4	4	4	4	4	4	4	4	4	4	4	4	4	4
703	3	4	4	4	4	4	4	4	4	4	4	4	4	4	4
704	3	4	4	4	4	4	4	4	4	4	4	4	4	4	4
705	3	4	4	4	4	4	4	4	4	4	4	4	4	4	4
706	3	4	4	4	4	4	4	4	4	4	4	4	4	4	4
707	3	4	4	4	4	4	4	4	4	4	4	4	4	4	4
708	3	4	4	4	4	4	4	4	4	4	4	4	4	4	4
709	3	4	4	4	3	4	4	4	4	4	4	4	4	3	4
710	3	4	4	4	3	4	4	4	4	4	4	4	4	3	4
711	3	4	4	4	3	4	4	4	4	4	4	4	4	3	4
712	3	4	4	4	3	4	4	4	4	4	4	4	4	3	4
713	3	4	4	4	3	4	3	4	3	4	4	4	4	3	4
714	3	4	4	4	1	4	4	4	4	4	4	4	4	3	4
715	3	4	4	4	3	4	4	4	4	4	4	4	4	1	4
716	3	4	4	4	3	4	3	4	3	4	4	4	4	3	4
717	3	4	4	4	3	4	3	4	3	4	4	4	4	3	4
718	1	4	4	4	3	4	3	4	3	4	4	4	4	3	4
719	3	4	4	4	1	4	4	4	4	4	4	4	4	3	4
720	3	4	4	4	3	4	3	4	3	4	4	4	4	3	4
721	3	4	4	4	3	4	3	4	1	4	4	4	4	3	4
722	3	4	4	4	3	4	3	4	3	4	4	4	4	3	4
723	3	4	4	4	3	4	3	4	3	4	4	4	4	1	4
724	3	4	4	4	3	4	4	4	4	4	4	4	4	3	4
725	3	4	4	4	1	4	3	4	3	4	4	4	4	1	4
726	3	4	4	4	3	4	3	4	3	4	4	4	4	3	4
727	1	4	4	4	3	4	3	4	3	4	4	4	4	3	4
728	3	4	4	4	3	4	4	4	4	4	4	4	4	3	4
729	3	4	4	4	3	4	4	4	4	4	4	4	4	3	4
730	3	4	4	4	4	4	3	4	4	4	4	4	4	4	4
731	3	4	4	4	4	4	3	4	4	4	4	4	4	4	4
732	3	4	4	4	4	4	3	4	4	4	4	4	4	4	4
733	3	4	4	4	4	4	3	4	4	4	4	4	4	4	4
734	3	4	4	4	4	4	3	4	4	4	4	4	4	4	4
735	3	4	4	4	4	4	3	4	4	4	4	4	4	4	4
736	3	4	4	4	4	4	3	4	4	4	4	4	4	4	4
737	3	4	4	4	4	4	3	4	4	4	4	4	4	4	4
738	3	4	4	4	4	4	3	4	4	4	4	4	4	4	4
739	3	4	4	4	4	4	3	4	4	4	4	4	4	4	4
740	3	4	4	4	4	4	3	4	4	4	4	4	4	4	4
741	3	4	4	4	3	4	4	4	1	3	3	4	4	4	4
742	3	4	4	4	3	4	4	4	3	3	3	4	4	4	4
743	3	4	4	4	3	4	4	4	3	3	3	4	4	4	4
744	3	4	4	4	3	4	4	4	3	3	3	4	4	4	4
745	3	4	4	4	3	4	4	4	3	3	3	4	4	4	4
746	3	4	4	4	3	4	4	4	3	3	3	4	4	4	4
747	3	4	4	4	3	4	4	4	3	3	3	4	4	4	4
748	3	4	4	4	3	4	4	4	3	3	3	4	4	4	4
749	3	4	4	4	3	4	4	4	3	3	3	4	4	4	4
750	3	4	4	4	3	4	4	4	3	3	3	4	4	4	4
751	3	4	4	4	3	4	4	4	3	3	3	4	4	4	4
752	3	4	4	4	3	4	4	4	3	3	3	4	4	4	4
753	3	4	4	4	3	4	4	4	3	3	3	4	4	4	4
754	3	4	4	4	3	4	4	4	3	3	3	4	4	4	4
755	3	4	4	3	3	4	1	4	4	4	4	4	4	4	4
756	3	3	3	4	3	4	4	3	4	4	4	4	4	4	4
757	3	3	3	4	3	4	4	3	4	4	4	4	4	4	4
758	3	3	3	4	3	4	4	3	4	4	4	4	4	4	4
759	3	3	1	4	3	4	4	3	4	4	4	4	4	4	4
760	3	3	3	4	3	4	4	3	4	4	4	4	4	4	4
761	3	1	4	3	3	4	3	4	4	4	4	4	4	4	4
762	1	3	1	4	3	4	4	3	4	4	4	4	4	4	4
763	3	3	1	4	3	4	4	1	4	4	4	4	4	4	4
764	3	4	4	3	3	4	3	4	4	4	4	4	4	4	4
765	3	1	4	3	1	4	1	4	4	4	4	4	4	4	4
766	3	4	4	3	3	4	3	4	4	4	4	4	4	4	4
767	3	4	4	3	3	4	3	4	4	4	4	4	4	4	4
768	3	3	4	4	4	4	4	4	4	3	4	3	3	4	4
769	3	3	4	4	4	4	4	4	4	3	4	3	3	4	4
770	3	3	4	4	4	4	4	4	4	3	4	3	1	4	4
771	3	3	4	4	4	4	4	4	4	3	4	3	3	4	4
772	3	3	4	4	4	4	4	4	4	3	4	3	3	4	4
773	3	3	4	4	4	4	4	4	4	1	4	3	3	4	4
774	3	3	4	4	4	4	4	4	4	3	4	3	3	4	4
775	3	3	4	4	4	4	4	4	4	1	4	3	3	4	4
776	3	3	4	4	4	4	4	4	4	1	4	3	3	4	4
777	1	4	3	4	4	4	4	4	4	4	3	4	4	4	4
778	3	4	3	4	4	4	4	4	4	4	1	4	4	4	4
779	3	4	3	4	4	4	4	4	4	4	3	4	4	4	4
780	3	4	3	4	4	4	4	4	4	4	3	4	4	4	4
781	3	4	3	4	4	4	4	4	4	4	1	4	4	4	4
782	3	4	3	4	4	4	4	4	4	4	3	4	4	4	4
783	3	4	3	4	4	4	4	4	4	4	3	4	4	4	4
784	3	4	3	4	4	4	4	4	4	4	1	4	4	4	4
785	3	4	3	4	4	4	4	4	4	4	3	4	4	4	4
786	3	4	3	4	4	4	4	4	4	4	3	4	4	4	4
787	3	4	3	4	4	4	4	4	4	4	3	4	4	4	4
788	3	4	4	4	4	4	3	4	4	4	4	3	4	4	4
789	3	4	4	4	4	4	3	4	4	4	4	3	4	4	4
790	3	4	4	4	4	4	3	4	4	4	4	3	4	4	4
791	3	4	4	4	4	4	3	4	4	4	4	3	4	4	4
792	3	4	4	4	4	4	3	4	4	4	4	3	4	4	4
793	3	4	4	4	4	4	3	4	4	4	4	3	4	4	4
794	3	4	4	4	4	4	3	4	4	4	4	3	4	4	4
795	3	4	4	4	4	4	3	4	4	4	4	3	4	4	4
796	3	4	4	4	4	4	3	4	4	4	4	3	4	4	4
797	3	4	4	4	4	4	3	4	4	4	4	3	4	4	4
798	3	4	4	4	4	4	3	4	4	4	4	3	4	4	4
799	3	4	4	4	4	4	3	4	4	4	4	3	4	4	4
800	3	4	4	4	4	4	3	4	4	4	4	3	4	4	4
