# MolID	Frame0	Frame1	Frame2	Frame3	Frame4	Frame5	Frame6	Frame7	Frame8	Frame9	Frame10	Frame11	Frame12	Frame13	Frame14
1	2	4	4	4	4	4	4	4	4	4	4	4	4	4	3
2	2	4	4	4	4	4	4	4	4	4	4	4	4	4	3
3	2	4	4	4	4	4	4	4	4	4	4	4	4	4	3
4	2	4	4	4	4	4	4	4	4	4	4	4	4	4	3
5	2	4	4	4	4	4	4	4	4	4	4	4	4	4	3
6	2	4	4	4	4	4	4	4	4	4	4	4	4	4	3
7	2	4	4	4	4	4	4	4	4	4	4	4	4	4	3
8	2	4	4	4	4	4	4	4	4	4	4	4	4	4	3
9	2	4	4	4	4	4	4	4	4	4	4	4	4	4	3
10	2	4	4	4	4	4	4	4	4	4	4	4	4	4	3
11	2	4	4	4	4	4	4	4	4	4	4	4	4	4	3
12	2	4	4	4	4	4	4	4	4	4	4	4	4	4	3
13	2	4	4	4	4	4	4	4	4	4	4	3	4	4	3
14	2	4	4	4	4	4	4	4	4	4	4	3	4	4	3
15	2	4	4	4	4	4	4	4	4	4	4	3	4	4	3
16	2	4	4	4	4	4	4	4	4	4	4	3	4	4	3
17	2	4	4	4	4	4	4	4	4	4	4	3	4	4	3
18	3	4	4	4	4	4	4	4	4	4	4	4	4	4	3
19	3	4	4	4	4	4	4	4	4	4	4	4	4	4	3
20	3	4	4	4	4	4	4	4	4	4	4	4	4	4	3
21	3	4	4	4	4	4	4	4	4	4	4	4	4	4	3
22	3	4	4	4	4	4	4	4	4	4	4	4	4	4	3
23	3	4	4	4	4	4	4	4	4	4	4	4	4	4	3
24	3	4	4	4	4	4	4	4	4	4	4	4	4	4	3
25	3	4	4	4	4	4	4	4	4	4	4	4	4	4	3
26	3	4	4	4	4	4	4	4	4	4	4	4	4	4	3
27	2	4	4	4	4	4	4	4	4	4	4	3	4	4	3
28	2	4	4	4	4	4	4	4	4	4	4	3	4	4	3
29	2	4	4	4	4	4	4	4	4	4	4	3	4	4	3
30	2	4	4	4	4	4	4	4	4	4	4	3	4	4	3
31	3	4	2	4	2	2	2	2	2	2	2	2	2	2	2
32	4	4	2	4	2	2	2	2	2	2	2	2	2	2	2
33	3	4	2	4	2	2	2	2	2	2	2	2	2	2	2
34	3	3	2	4	2	2	2	2	2	2	2	2	2	2	2
35	3	4	2	4	2	2	2	2	2	2	2	2	2	2	2
36	4	4	2	4	2	2	2	2	2	2	2	2	2	2	2
37	3	4	2	4	2	2	2	2	2	2	2	2	2	2	2
38	3	3	2	4	2	2	2	2	2	2	2	2	2	2	2
39	3	3	2	4	2	2	2	2	2	2	2	2	2	2	2
40	4	4	2	4	2	2	2	2	2	2	2	2	2	2	2
41	4	4	2	4	2	2	2	2	2	2	2	2	2	2	2
42	3	4	2	4	2	2	2	2	2	2	2	2	2	2	2
43	3	4	2	4	2	2	2	2	2	2	2	2	2	2	2
44	4	3	2	4	2	2	2	2	2	2	2	2	2	2	2
45	4	3	2	4	2	2	2	2	2	2	2	2	2	2	2
46	4	3	2	4	2	2	2	2	2	2	2	2	2	2	2
47	4	4	2	4	2	2	2	2	2	2	2	2	2	2	2
48	4	4	2	4	2	2	2	2	2	2	2	2	2	2	2
49	3	4	2	4	2	2	2	2	2	2	2	2	2	2	2
50	3	4	2	4	2	2	2	2	2	2	2	2	2	2	2
51	3	4	2	4	2	2	2	2	2	2	2	2	2	2	2
52	3	4	2	4	2	2	2	2	2	2	2	2	2	2	2
53	3	4	2	4	2	2	2	2	2	2	2	2	2	2	2
54	3	4	4	4	4	2	4	2	2	2	4	2	2	2	2
55	3	4	4	4	4	2	4	2	2	2	4	2	2	2	2
56	3	4	4	4	4	2	4	2	2	2	4	2	2	2	2
57	3	4	4	4	4	2	4	2	2	2	4	2	2	2	2
58	3	4	4	4	4	2	4	2	2	2	4	2	2	2	2
59	3	4	4	4	4	2	4	2	2	2	4	2	2	2	2
60	3	4	4	4	4	2	4	2	2	2	4	2	2	2	2
61	3	4	4	4	4	2	4	2	2	2	4	2	2	2	2
62	3	4	4	4	4	2	4	2	2	2	4	2	2	2	2
63	3	4	4	4	4	2	4	2	2	2	4	2	2	2	2
64	3	4	4	4	4	2	4	2	2	2	4	2	2	2	2
65	4	4	4	4	4	2	4	2	2	2	4	2	2	2	2
66	3	4	4	4	4	2	4	2	2	2	4	2	2	2	2
67	3	4	4	4	4	2	4	2	2	2	4	2	2	2	2
68	3	4	4	4	4	2	4	2	2	2	4	2	2	2	2
69	4	4	4	4	4	2	4	2	2	2	4	2	2	2	2
70	4	4	4	4	4	2	4	2	2	2	4	2	2	2	2
71	4	4	4	4	4	2	4	2	2	2	4	2	2	2	2
72	4	4	4	4	4	2	4	2	2	2	4	2	2	2	2
73	4	4	4	4	4	2	4	2	2	2	4	2	2	2	2
74	4	4	4	4	4	2	4	2	2	2	4	2	2	2	2
75	2	3	4	4	4	4	2	2	2	2	4	4	4	2	2
76	3	4	4	4	4	4	2	2	2	2	4	4	4	2	2
77	3	4	4	4	4	4	2	2	2	2	4	4	4	2	2
78	2	3	4	4	4	4	2	2	2	2	4	4	4	2	2
79	3	4	4	4	4	4	2	2	2	2	4	4	4	2	2
80	2	4	4	4	4	4	2	2	2	2	4	4	4	2	2
81	2	3	4	4	4	4	2	2	2	2	4	4	4	2	2
82	2	3	4	4	4	4	2	2	2	2	4	4	4	2	2
83	2	3	4	4	4	4	2	2	2	2	4	4	4	2	2
84	3	4	4	4	4	4	2	2	2	2	4	4	4	2	2
85	2	4	4	4	4	4	2	2	2	2	4	4	4	2	2
86	2	3	4	4	4	4	2	2	2	2	4	4	4	2	2
87	2	4	4	4	4	4	2	2	2	2	4	4	4	2	2
88	2	4	4	4	4	4	2	2	2	2	4	4	4	2	2
89	3	4	4	4	4	4	2	2	2	2	4	4	4	2	2
90	3	4	4	4	4	4	2	2	2	2	4	4	4	2	2
91	2	3	4	4	4	4	2	2	2	2	4	4	4	2	2
92	3	4	4	4	4	4	2	2	2	2	4	4	4	2	2
93	3	4	4	4	4	4	2	2	2	2	4	4	4	2	2
94	3	4	4	4	4	4	2	2	2	2	4	4	4	2	2
95	3	4	1	4	4	4	4	4	4	4	4	4	4	4	2
96	3	4	3	4	4	4	4	4	4	4	4	4	4	4	2
97	3	4	3	4	4	4	4	4	4	4	4	4	4	4	2
98	2	4	3	4	4	4	4	4	4	4	4	4	4	4	2
99	3	4	3	4	4	4	4	4	4	4	4	4	4	4	2
100	2	4	3	4	4	4	4	4	4	4	4	4	4	4	2
101	2	4	3	4	4	4	4	4	4	4	4	4	4	4	2
102	2	4	3	4	4	4	4	4	4	4	4	4	4	4	2
103	2	4	3	4	4	4	4	4	4	4	4	4	4	4	2
104	2	4	3	4	4	4	4	4	4	4	4	4	4	4	2
105	3	4	3	4	4	4	4	4	4	4	4	4	4	4	2
106	2	4	3	4	4	4	4	4	4	4	4	4	4	4	2
107	2	4	3	4	4	4	4	4	4	4	4	4	4	4	2
108	3	4	3	4	4	4	4	4	4	4	4	4	4	4	2
109	2	4	3	4	4	4	4	4	4	4	4	4	4	4	2
110	2	4	3	4	4	4	4	4	4	4	4	4	4	4	2
111	2	4	3	4	4	4	4	4	4	4	4	4	4	4	2
112	2	3	4	4	4	4	2	4	4	4	4	4	2	2	2
113	2	3	4	4	4	4	2	4	4	4	4	4	2	2	2
114	2	3	4	4	4	4	2	4	4	4	4	4	2	2	2
115	2	3	4	4	4	4	2	4	4	4	4	4	2	2	2
116	2	4	4	4	4	4	2	4	4	4	4	4	2	2	2
117	2	4	4	4	4	4	2	4	4	4	4	4	2	2	2
118	2	3	4	4	4	4	2	4	4	4	4	4	2	2	2
119	2	4	4	4	4	4	2	4	4	4	4	4	2	2	2
120	2	3	4	4	4	4	2	4	4	4	4	4	2	2	2
121	3	4	4	4	4	4	2	4	4	4	4	4	2	2	2
122	2	4	4	4	4	4	2	4	4	4	4	4	2	2	2
123	3	4	4	4	4	4	2	4	4	4	4	4	2	2	2
124	3	4	4	4	4	4	2	4	4	4	4	4	2	2	2
125	2	3	4	4	4	4	2	4	4	4	4	4	2	2	2
126	3	4	4	4	4	4	2	4	4	4	4	4	2	2	2
127	2	4	4	4	4	4	2	4	4	4	4	4	2	2	2
128	2	3	4	4	4	4	2	4	4	4	4	4	2	2	2
129	3	4	4	4	4	4	2	4	4	4	4	4	2	2	2
130	3	4	4	4	4	4	2	4	4	4	4	4	2	2	2
131	2	4	4	3	2	2	2	2	2	2	2	2	4	2	2
132	2	4	4	3	2	2	2	2	2	2	2	2	4	2	2
133	2	4	4	3	2	2	2	2	2	2	2	2	4	2	2
134	2	4	4	3	2	2	2	2	2	2	2	2	4	2	2
135	2	4	4	3	2	2	2	2	2	2	2	2	4	2	2
136	2	4	4	3	2	2	2	2	2	2	2	2	4	2	2
137	2	4	4	3	2	2	2	2	2	2	2	2	4	2	2
138	2	4	4	3	2	2	2	2	2	2	2	2	4	2	2
139	2	4	4	3	2	2	2	2	2	2	2	2	4	2	2
140	2	4	4	3	2	2	2	2	2	2	2	2	4	2	2
141	2	4	4	3	2	2	2	2	2	2	2	2	4	2	2
142	2	4	4	3	2	2	2	2	2	2	2	2	4	2	2
143	2	4	4	3	2	2	2	2	2	2	2	2	4	2	2
144	2	4	4	3	2	2	2	2	2	2	2	2	4	2	2
145	2	4	4	3	2	2	2	2	2	2	2	2	4	2	2
146	2	4	4	3	2	2	2	2	2	2	2	2	4	2	2
147	2	4	4	3	2	2	2	2	2	2	2	2	4	2	2
148	2	4	4	3	2	2	2	2	2	2	2	2	4	2	2
149	2	4	4	3	2	2	2	2	2	2	2	2	4	2	2
150	2	4	4	3	2	2	2	2	2	2	2	2	4	2	2
151	2	4	4	3	2	2	2	2	2	2	2	2	4	2	2
152	2	4	4	3	2	2	2	2	2	2	2	2	4	2	2
153	2	4	4	4	4	4	2	2	2	2	2	2	2	2	2
154	2	4	4	4	4	4	2	2	2	2	2	2	2	2	2
155	2	4	4	4	4	4	2	2	2	2	2	2	2	2	2
156	2	4	4	4	4	4	2	2	2	2	2	2	2	2	2
157	2	4	4	4	4	4	2	2	2	2	2	2	2	2	2
158	2	4	4	4	4	4	2	2	2	2	2	2	2	2	2
159	2	4	4	4	4	4	2	2	2	2	2	2	2	2	2
160	3	4	4	4	4	4	2	2	2	2	2	2	2	2	2
161	2	4	4	4	4	4	2	2	2	2	2	2	2	2	2
162	2	4	4	4	4	4	2	2	2	2	2	2	2	2	2
163	2	4	4	4	4	4	2	2	2	2	2	2	2	2	2
164	2	4	4	4	4	4	2	2	2	2	2	2	2	2	2
165	2	4	4	4	4	4	2	2	2	2	2	2	2	2	2
166	2	4	4	4	4	4	2	2	2	2	2	2	2	2	2
167	2	4	4	4	4	4	2	2	2	2	2	2	2	2	2
168	2	4	4	4	4	4	2	2	2	2	2	2	2	2	2
169	2	4	4	4	4	4	2	2	2	2	2	2	2	2	2
170	2	4	4	4	4	4	2	2	2	2	2	2	2	2	2
171	2	4	4	4	4	4	2	2	2	2	2	2	2	2	2
172	2	4	4	4	4	4	2	2	2	2	2	2	2	2	2
173	2	4	4	4	4	4	2	2	2	2	2	2	2	2	2
174	2	4	4	4	4	4	2	2	2	2	2	2	2	2	2
175	3	4	4	4	4	4	2	2	2	2	2	2	2	2	2
176	2	4	4	4	4	4	2	2	2	2	2	2	2	2	2
177	2	4	4	4	4	2	2	2	2	2	2	2	2	2	2
178	2	4	4	4	4	2	2	2	2	2	2	2	2	2	2
179	2	4	4	4	4	2	2	2	2	2	2	2	2	2	2
180	3	4	4	4	4	2	2	2	2	2	2	2	2	2	2
181	2	4	4	4	4	2	2	2	2	2	2	2	2	2	2
182	3	4	4	4	4	2	2	2	2	2	2	2	2	2	2
183	2	4	4	4	4	2	2	2	2	2	2	2	2	2	2
184	3	4	4	4	4	2	2	2	2	2	2	2	2	2	2
185	2	4	4	4	4	2	2	2	2	2	2	2	2	2	2
186	2	4	4	4	4	2	2	2	2	2	2	2	2	2	2
187	2	4	4	4	4	2	2	2	2	2	2	2	2	2	2
188	2	4	4	4	4	2	2	2	2	2	2	2	2	2	2
189	2	4	4	4	4	2	2	2	2	2	2	2	2	2	2
190	3	4	4	4	4	2	2	2	2	2	2	2	2	2	2
191	2	4	4	4	4	2	2	2	2	2	2	2	2	2	2
192	2	4	4	4	4	2	2	2	2	2	2	2	2	2	2
193	2	4	4	4	4	2	2	2	2	2	2	2	2	2	2
194	2	4	4	4	4	2	2	2	2	2	2	2	2	2	2
195	2	4	4	4	4	2	2	2	2	2	2	2	2	2	2
196	3	4	4	4	4	2	2	2	2	2	2	2	2	2	2
197	2	4	4	4	4	2	2	2	2	2	2	2	2	2	2
198	2	4	4	4	4	2	2	2	2	2	2	2	2	2	2
199	2	4	4	4	4	2	2	2	2	2	2	2	2	2	2
200	2	4	4	4	4	2	2	2	2	2	2	2	2	2	2
201	2	2	2	2	2	2	2	2	2	2	2	2	2	2	2
202	2	2	2	2	2	2	2	2	2	2	2	2	2	2	2
203	2	2	2	2	2	2	2	2	2	2	2	2	2	2	2
204	2	2	2	2	2	2	2	2	2	2	2	2	2	2	2
205	2	2	2	2	2	2	2	2	2	2	2	2	2	2	2
206	2	2	2	2	2	2	2	2	2	2	2	2	2	2	2
207	2	2	2	2	2	2	2	2	2	2	2	2	2	2	2
208	2	2	2	2	2	2	2	2	2	2	2	2	2	2	2
209	2	2	2	2	2	2	2	2	2	2	2	2	2	2	2
210	2	2	2	2	2	2	2	2	2	2	2	2	2	2	2
211	2	2	2	2	2	2	2	2	2	2	2	2	2	2	2
212	2	2	2	2	2	2	2	2	2	2	2	2	2	2	2
213	2	2	2	2	2	2	2	2	2	2	2	2	2	2	2
214	2	2	2	2	2	2	2	2	2	2	2	2	2	2	2
215	2	2	2	2	2	2	2	2	2	2	2	2	2	2	2
216	2	2	2	2	2	2	2	2	2	2	2	2	2	2	2
217	2	2	2	2	2	2	2	2	2	2	2	2	2	2	2
218	2	2	2	2	2	2	2	2	2	2	2	2	2	2	2
219	2	2	2	2	2	2	2	2	2	2	2	2	2	2	2
220	2	2	2	2	2	2	2	2	2	2	2	2	2	2	2
221	2	2	2	2	2	2	2	2	2	2	2	2	2	2	2
222	2	2	2	2	2	2	2	2	2	2	2	2	2	2	2
223	2	2	2	2	2	2	2	2	2	2	2	2	2	2	2
224	2	2	2	2	2	2	2	2	2	2	2	2	2	2	2
225	2	2	2	2	2	2	2	2	2	2	2	2	2	2	2
226	2	3	2	2	4	2	2	4	2	2	2	2	4	2	2
227	2	4	2	2	4	2	2	4	2	2	2	2	4	2	2
228	2	4	2	2	4	2	2	4	2	2	2	2	4	2	2
229	2	3	2	2	4	2	2	4	2	2	2	2	4	2	2
230	2	3	2	2	4	2	2	4	2	2	2	2	4	2	2
231	2	3	2	2	4	2	2	4	2	2	2	2	4	2	2
232	2	3	2	2	4	2	2	4	2	2	2	2	4	2	2
233	2	3	2	2	4	2	2	4	2	2	2	2	4	2	2
234	2	3	2	2	4	2	2	4	2	2	2	2	4	2	2
235	2	3	2	2	4	2	2	4	2	2	2	2	4	2	2
236	2	4	2	2	4	2	2	4	2	2	2	2	4	2	2
237	2	3	2	2	4	2	2	4	2	2	2	2	4	2	2
238	2	3	2	2	4	2	2	4	2	2	2	2	4	2	2
239	2	3	2	2	4	2	2	4	2	2	2	2	4	2	2
240	2	3	2	2	4	2	2	4	2	2	2	2	4	2	2
241	2	4	2	2	4	2	2	4	2	2	2	2	4	2	2
242	2	3	2	2	4	2	2	4	2	2	2	2	4	2	2
243	2	4	2	2	4	2	2	4	2	2	2	2	4	2	2
244	2	3	2	2	4	2	2	4	2	2	2	2	4	2	2
245	2	3	2	2	4	2	2	4	2	2	2	2	4	2	2
246	2	3	2	2	4	2	2	4	2	2	2	2	4	2	2
247	3	2	2	2	2	2	2	4	2	2	2	2	2	2	2
248	3	2	2	2	2	2	2	4	2	2	2	2	2	2	2
249	3	2	2	2	2	2	2	4	2	2	2	2	2	2	2
250	3	2	2	2	2	2	2	4	2	2	2	2	2	2	2
251	3	2	2	2	2	2	2	4	2	2	2	2	2	2	2
252	3	2	2	2	2	2	2	4	2	2	2	2	2	2	2
253	3	2	2	2	2	2	2	4	2	2	2	2	2	2	2
254	3	2	2	2	2	2	2	4	2	2	2	2	2	2	2
255	3	2	2	2	2	2	2	4	2	2	2	2	2	2	2
256	3	2	2	2	2	2	2	4	2	2	2	2	2	2	2
257	3	2	2	2	2	2	2	4	2	2	2	2	2	2	2
258	3	2	2	2	2	2	2	4	2	2	2	2	2	2	2
259	3	2	2	2	2	2	2	4	2	2	2	2	2	2	2
260	3	2	2	2	2	2	2	4	2	2	2	2	2	2	2
261	3	2	2	2	2	2	2	4	2	2	2	2	2	2	2
262	3	2	2	2	2	2	2	4	2	2	2	2	2	2	2
263	3	2	2	2	2	2	2	4	2	2	2	2	2	2	2
264	3	2	2	2	2	2	2	4	2	2	2	2	2	2	2
265	3	2	2	2	2	2	2	4	2	2	2	2	2	2	2
266	3	2	2	2	2	2	2	4	2	2	2	2	2	2	2
267	3	2	2	2	2	2	2	4	2	2	2	2	2	2	2
268	3	2	2	2	2	2	2	4	2	2	2	2	2	2	2
269	3	4	4	3	4	4	3	4	4	3	3	4	4	3	4
270	2	1	4	3	4	4	3	4	4	3	3	4	4	3	4
271	3	4	4	3	4	4	3	4	4	3	3	4	4	3	4
272	3	4	4	3	4	4	3	4	4	3	3	4	4	3	4
273	2	1	4	3	4	4	3	4	4	3	3	4	4	3	4
274	3	4	4	3	4	4	3	4	4	3	3	4	4	3	4
275	3	4	4	3	4	4	3	4	4	3	3	4	4	3	4
276	3	4	2	4	4	4	4	4	4	4	4	4	4	4	4
277	3	4	2	4	4	4	4	4	4	4	4	4	4	4	4
278	3	4	2	4	4	4	4	4	4	4	4	4	4	4	4
279	3	4	2	4	4	4	4	4	4	4	4	4	4	4	4
280	3	4	2	4	4	4	4	4	4	4	4	4	4	4	4
281	3	4	2	4	4	4	4	4	4	4	4	4	4	4	4
282	3	4	2	4	4	4	4	4	4	4	4	4	4	4	4
283	3	4	2	4	4	4	4	4	4	4	4	4	4	4	4
284	3	4	2	4	4	4	4	4	4	4	4	4	4	4	4
285	3	4	2	4	4	4	4	4	4	4	4	4	4	4	4
286	3	4	2	4	4	4	4	4	4	4	4	4	4	4	4
287	3	4	2	4	4	4	4	4	4	4	4	4	4	4	4
288	3	4	2	4	4	4	4	4	4	4	4	4	4	4	4
289	3	4	2	4	4	4	4	4	4	4	4	4	4	4	4
290	3	4	2	4	4	4	4	4	4	4	4	4	4	4	4
291	3	4	2	4	4	4	4	4	4	4	4	4	4	4	4
292	3	4	2	4	4	4	4	4	4	4	4	4	4	4	4
293	3	4	2	4	4	4	4	4	4	4	4	4	4	4	4
294	3	4	4	4	4	4	4	4	4	4	4	4	4	4	4
295	2	4	4	4	4	4	4	4	4	4	4	4	4	4	4
296	2	4	4	4	4	4	4	4	4	4	4	4	4	4	4
297	2	4	4	4	4	4	4	4	4	4	4	4	4	4	4
298	2	4	4	4	4	4	4	4	4	4	4	4	4	4	4
299	2	4	4	4	4	4	4	4	4	4	4	4	4	4	4
300	2	4	4	4	4	4	4	4	4	4	4	4	4	4	4
301	2	4	4	4	4	4	4	4	4	4	4	4	4	4	4
302	2	4	4	4	4	4	4	4	4	4	4	4	4	4	4
303	2	4	4	4	4	4	4	4	4	4	4	4	4	4	4
304	2	4	4	4	4	4	4	4	4	4	4	4	4	4	4
305	2	4	4	4	4	4	4	4	4	4	4	4	4	4	4
306	4	4	4	3	4	4	4	4	4	4	4	4	3	4	4
307	3	4	4	3	4	4	4	4	4	4	4	4	3	4	4
308	3	4	4	3	4	4	4	4	4	4	4	4	3	4	4
309	4	4	4	3	4	4	4	4	4	4	4	4	3	4	4
310	4	4	4	3	4	4	4	4	4	4	4	4	3	4	4
311	3	4	4	3	4	4	4	4	4	4	4	4	3	4	4
312	3	4	4	3	4	4	4	4	4	4	4	4	3	4	4
313	4	4	4	3	4	4	4	4	4	4	4	4	3	4	4
314	3	4	4	3	4	4	4	4	4	4	4	4	3	4	4
315	3	4	4	3	4	4	4	4	4	4	4	4	3	4	4
316	4	4	4	3	4	4	4	4	4	4	4	4	3	4	4
317	4	4	4	3	4	4	4	4	4	4	4	4	3	4	4
318	4	4	4	4	4	4	4	4	4	4	2	4	2	4	4
319	2	4	4	4	4	4	4	4	4	4	2	4	2	4	4
320	4	4	4	4	4	4	4	4	4	4	2	4	2	4	4
321	4	4	4	4	4	4	4	4	4	4	2	4	2	4	4
322	4	4	4	4	4	4	4	4	4	4	2	4	2	4	4
323	4	4	4	4	4	4	4	4	4	4	2	4	2	4	4
324	3	4	4	4	4	4	4	4	4	4	2	4	2	4	4
325	4	4	4	4	4	4	4	4	4	4	2	4	2	4	4
326	4	4	4	4	4	4	4	4	4	4	2	4	2	4	4
327	4	4	4	4	4	4	4	4	4	4	2	4	2	4	4
328	4	4	4	4	4	4	4	4	4	4	2	4	2	4	4
329	3	4	4	4	4	4	4	4	4	4	2	4	2	4	4
330	4	4	4	4	4	4	4	4	4	4	2	4	2	4	4
331	2	4	4	4	4	4	4	4	4	4	2	4	2	4	4
332	2	4	4	4	4	4	4	4	4	4	2	4	2	4	4
333	3	4	4	4	4	4	4	4	4	4	2	4	2	4	4
334	4	4	4	4	4	4	4	4	4	4	2	4	2	4	4
335	2	4	4	4	4	4	4	4	4	4	2	4	2	4	4
336	3	1	3	4	3	4	4	4	4	4	4	2	2	2	4
337	3	4	4	4	3	4	4	4	4	4	4	2	2	2	4
338	2	4	4	3	3	4	4	4	4	4	4	2	2	2	4
339	2	4	4	3	3	4	4	4	4	4	4	2	2	2	4
340	3	1	3	4	3	4	4	4	4	4	4	2	2	2	4
341	3	4	4	4	3	4	4	4	4	4	4	2	2	2	4
342	3	4	4	4	3	4	4	4	4	4	4	2	2	2	4
343	3	4	4	3	3	4	4	4	4	4	4	2	2	2	4
344	2	1	3	4	3	4	4	4	4	4	4	2	2	2	4
345	3	4	4	4	3	4	4	4	4	4	4	2	2	2	4
346	3	4	4	4	3	4	4	4	4	4	4	2	2	2	4
347	2	4	4	3	3	4	4	4	4	4	4	2	2	2	4
348	3	4	4	4	1	4	4	4	4	4	4	2	2	2	4
349	2	4	4	3	3	4	4	4	4	4	4	2	2	2	4
350	2	4	4	3	3	4	4	4	4	4	4	2	2	2	4
351	2	4	4	3	3	4	4	4	4	4	4	2	2	2	4
352	3	1	3	4	3	4	4	4	4	4	4	2	2	2	4
353	3	4	4	4	3	4	4	4	4	4	4	2	2	2	4
354	3	4	4	4	3	4	4	4	4	4	4	2	2	2	4
355	1	4	4	3	3	4	4	4	4	4	4	2	2	2	4
356	2	4	4	4	4	4	4	4	4	3	4	4	4	4	4
357	2	4	4	4	4	4	4	4	4	3	4	4	4	4	4
358	2	4	4	4	4	4	4	4	4	3	4	4	4	4	4
359	2	4	4	4	4	4	4	4	4	3	4	4	4	4	4
360	2	4	4	4	4	4	4	4	4	3	4	4	4	4	4
361	3	1	1	4	1	1	1	1	1	1	1	4	4	4	4
362	2	4	4	4	4	4	4	4	4	3	4	4	4	4	4
363	3	1	1	4	1	1	1	1	1	1	1	4	4	4	4
364	2	4	4	4	4	4	4	4	4	3	4	4	4	4	4
365	3	4	4	4	4	4	4	4	2	4	4	4	4	4	4
366	3	4	4	4	4	4	4	4	2	4	4	4	4	4	4
367	3	4	4	3	3	3	3	4	2	4	4	4	4	4	4
368	3	4	4	3	3	3	3	4	2	4	4	4	4	4	4
369	3	4	4	4	4	4	4	4	2	4	4	4	4	4	4
370	3	4	4	4	4	4	4	4	2	4	4	4	4	4	4
371	3	4	4	4	4	4	4	4	2	4	4	4	4	4	4
372	3	4	4	4	4	4	4	4	2	4	4	4	4	4	4
373	3	4	4	4	4	4	4	4	2	4	4	4	4	4	4
374	3	4	4	4	4	4	4	4	2	4	4	4	4	4	4
375	3	4	4	4	4	4	4	4	2	4	4	4	4	4	4
376	3	4	4	3	3	3	3	4	2	4	4	4	4	4	4
377	3	4	4	3	3	3	3	4	2	4	4	4	4	4	4
378	3	4	4	4	4	4	4	4	2	4	4	4	4	4	4
379	3	4	4	4	4	4	4	4	2	4	4	4	4	4	4
380	3	4	4	4	4	4	4	4	2	4	4	4	4	4	4
381	3	4	4	3	3	3	3	4	2	4	4	4	4	4	4
382	3	4	4	4	4	4	4	4	2	4	4	4	4	4	4
383	3	4	3	4	4	4	4	4	4	4	4	4	4	4	4
384	3	4	3	4	4	4	4	4	4	4	4	4	4	4	4
385	2	4	4	4	4	4	4	4	4	4	4	4	4	4	4
386	3	4	1	4	4	4	4	4	4	4	4	4	4	4	4
387	3	4	1	4	4	4	4	4	4	4	4	4	4	4	4
388	2	4	4	4	4	4	4	4	4	4	4	4	4	4	4
389	2	4	4	4	4	4	4	4	4	4	4	4	4	4	4
390	2	4	4	4	4	4	4	4	4	4	4	4	4	4	4
391	3	4	3	4	4	4	4	4	4	4	4	4	4	4	4
392	2	4	4	4	4	4	4	4	4	4	4	4	4	4	4
393	2	4	4	4	4	4	4	4	4	4	4	4	4	4	4
394	2	4	4	4	4	4	4	4	4	4	4	4	4	4	4
395	3	4	3	4	4	4	4	4	4	4	4	4	4	4	4
396	3	4	1	4	4	4	4	4	4	4	4	4	4	4	4
397	3	4	3	4	4	4	4	4	4	4	4	4	4	4	4
398	3	4	3	4	4	4	4	4	4	4	4	4	4	4	4
399	3	4	3	4	4	4	4	4	4	4	4	4	4	4	4
400	2	4	4	4	4	4	4	4	4	4	4	4	4	4	4
401	2	4	4	4	4	4	4	4	4	4	4	4	4	4	4
402	2	4	4	4	4	4	4	4	4	4	4	4	4	4	4
403	2	4	4	4	4	4	4	4	4	4	4	4	4	4	4
404	2	4	4	4	4	4	4	4	4	4	4	4	4	4	4
405	2	4	4	4	4	4	4	4	4	4	4	4	4	4	4
406	3	3	4	4	4	4	4	4	4	4	4	4	4	4	4
407	3	3	4	4	4	4	4	4	4	4	4	4	4	4	4
408	3	1	4	4	4	4	4	4	4	4	4	4	4	4	4
409	2	4	4	4	4	4	4	4	4	4	4	4	4	4	4
410	2	4	4	4	4	4	4	4	4	4	4	4	4	4	4
411	2	4	4	4	4	4	4	4	4	4	4	4	4	4	4
412	3	3	4	4	4	4	4	4	4	4	4	4	4	4	4
413	2	4	4	4	4	4	4	4	4	4	4	4	4	4	4
414	3	3	4	4	4	4	4	4	4	4	4	4	4	4	4
415	2	4	3	3	4	4	4	4	4	4	4	4	4	4	4
416	2	4	3	3	4	4	4	4	4	4	4	4	4	4	4
417	2	4	4	4	4	3	4	4	4	4	4	4	4	4	4
418	2	4	3	3	4	4	4	4	4	4	4	4	4	4	4
419	2	4	4	4	4	3	4	4	4	4	4	4	4	4	4
420	2	4	3	3	4	4	4	4	4	4	4	4	4	4	4
421	2	4	4	4	4	3	4	4	4	4	4	4	4	4	4
422	2	4	3	3	4	4	4	4	4	4	4	4	4	4	4
423	2	4	3	3	4	4	4	4	4	4	4	4	4	4	4
424	2	4	4	4	4	3	4	4	4	4	4	4	4	4	4
425	2	4	3	3	4	4	4	4	4	4	4	4	4	4	4
426	2	4	4	4	4	3	4	4	4	4	4	4	4	4	4
427	2	4	4	4	4	3	4	4	4	4	4	4	4	4	4
428	2	4	4	4	4	3	4	4	4	4	4	4	4	4	4
429	2	4	4	4	4	3	4	4	4	4	4	4	4	4	4
430	2	4	4	4	4	3	4	4	4	4	4	4	4	4	4
431	2	4	4	4	4	3	4	4	4	4	4	4	4	4	4
432	2	4	4	4	4	3	4	4	4	4	4	4	4	4	4
433	2	4	4	4	4	4	4	4	4	4	4	4	4	4	4
434	2	4	4	4	4	4	4	4	4	4	4	4	4	4	4
435	2	4	4	4	4	3	4	4	4	4	4	4	4	4	4
436	2	4	4	4	4	4	4	4	4	4	4	4	4	4	4
437	2	4	4	4	4	4	4	4	4	4	4	4	4	4	4
438	2	4	4	4	4	3	4	4	4	4	4	4	4	4	4
439	2	4	4	4	4	4	4	4	4	4	4	4	4	4	4
440	2	4	4	4	4	4	4	4	4	4	4	4	4	4	4
441	2	4	4	4	4	3	4	4	4	4	4	4	4	4	4
442	2	4	4	4	4	4	4	4	4	4	4	4	4	4	4
443	2	4	4	4	4	4	4	4	4	4	4	4	4	4	4
444	2	4	4	4	4	4	4	4	4	4	4	4	4	4	4
445	2	4	4	4	4	4	4	4	4	4	4	4	4	4	4
446	2	4	4	4	4	4	4	4	4	4	4	4	4	4	4
447	2	4	4	4	4	4	4	4	4	4	4	4	4	4	4
448	3	3	3	4	4	4	4	4	4	4	4	4	4	4	4
449	2	4	4	3	3	4	4	4	4	4	4	4	4	4	4
450	2	4	4	3	3	4	4	4	4	4	4	4	4	4	4
451	2	4	4	3	3	4	4	4	4	4	4	4	4	4	4
452	2	4	4	3	3	4	4	4	4	4	4	4	4	4	4
453	3	3	3	4	4	4	4	4	4	4	4	4	4	4	4
454	3	3	3	4	4	4	4	4	4	4	4	4	4	4	4
455	3	3	3	4	4	4	4	4	4	4	4	4	4	4	4
456	3	3	3	4	4	4	4	4	4	4	4	4	4	4	4
457	2	4	4	3	3	4	4	4	4	4	4	4	4	4	4
458	1	3	3	4	4	4	4	4	4	4	4	4	4	4	4
459	3	3	3	4	4	4	4	4	4	4	4	4	4	4	4
460	3	3	3	4	4	4	4	4	4	4	4	4	4	4	4
461	2	4	4	3	3	4	4	4	4	4	4	4	4	4	4
462	3	3	3	4	4	4	4	4	4	4	4	4	4	4	4
463	3	3	3	4	4	4	4	4	4	4	4	4	4	4	4
464	3	3	3	4	4	4	4	4	4	4	4	4	4	4	4
465	3	3	3	4	4	4	4	4	4	4	4	4	4	4	4
466	2	4	4	2	4	4	4	4	4	4	4	4	4	4	4
467	3	4	4	2	4	4	4	4	4	4	4	4	4	4	4
468	3	4	4	2	4	4	4	4	4	4	4	4	4	4	4
469	3	4	4	2	4	4	4	4	4	4	4	4	4	4	4
470	3	4	4	2	4	4	4	4	4	4	4	4	4	4	4
471	3	4	4	2	4	4	4	4	4	4	4	4	4	4	4
472	3	4	4	2	4	4	4	4	4	4	4	4	4	4	4
473	2	4	4	2	4	4	4	4	4	4	4	4	4	4	4
474	3	4	4	2	4	4	4	4	4	4	4	4	4	4	4
475	3	4	4	2	4	4	4	4	4	4	4	4	4	4	4
476	2	4	4	2	4	4	4	4	4	4	4	4	4	4	4
477	3	4	4	2	4	4	4	4	4	4	4	4	4	4	4
478	2	4	4	2	4	4	4	4	4	4	4	4	4	4	4
479	1	4	4	2	4	4	4	4	4	4	4	4	4	4	4
480	3	4	4	2	4	4	4	4	4	4	4	4	4	4	4
481	3	4	4	2	4	4	4	4	4	4	4	4	4	4	4
482	2	4	4	2	4	4	4	4	4	4	4	4	4	4	4
483	2	4	4	2	4	4	4	4	4	4	4	4	4	4	4
484	2	3	4	4	4	4	4	4	4	4	4	4	4	4	4
485	2	3	4	4	4	4	4	4	4	4	4	4	4	4	4
486	2	3	4	4	4	4	4	4	4	4	4	4	4	4	4
487	2	3	4	4	4	4	4	4	4	4	4	4	4	4	4
488	2	3	4	4	4	4	4	4	4	4	4	4	4	4	4
489	2	3	4	4	4	4	4	4	4	4	4	4	4	4	4
490	2	3	4	4	4	4	4	4	4	4	4	4	4	4	4
491	2	3	4	4	4	4	4	4	4	4	4	4	4	4	4
492	2	3	4	4	4	4	4	4	4	4	4	4	4	4	4
493	2	3	4	4	4	4	4	4	4	4	4	4	4	4	4
494	2	3	4	4	4	4	4	4	4	4	4	4	4	4	4
495	2	3	4	4	4	4	4	4	4	4	4	4	4	4	4
496	2	3	4	4	4	4	4	4	4	4	4	4	4	4	4
497	2	4	4	4	4	4	4	4	4	4	4	3	4	4	4
498	2	4	4	4	4	4	4	4	4	4	4	3	4	4	4
499	2	4	4	4	4	4	4	4	4	4	4	3	4	4	4
500	2	4	4	4	4	4	4	4	4	4	4	3	4	4	4
501	2	4	4	4	4	4	4	4	4	4	4	3	4	4	4
502	2	4	4	4	4	4	4	4	4	4	4	3	4	4	4
503	2	4	4	4	4	4	4	4	4	4	4	3	4	4	4
504	2	4	4	4	4	4	4	4	4	4	4	3	4	4	4
505	2	4	4	4	4	4	4	4	4	4	4	3	4	4	4
506	2	4	4	4	4	4	4	4	4	4	4	3	4	4	4
507	2	4	4	4	4	4	4	4	4	4	4	3	4	4	4
508	2	3	4	4	4	3	4	3	4	4	4	4	4	4	4
509	2	3	4	4	4	3	4	3	4	4	4	4	4	4	4
510	2	3	4	4	4	3	4	3	4	4	4	4	4	4	4
511	2	3	4	4	4	3	4	3	4	4	4	4	4	4	4
512	2	3	4	4	4	3	4	3	4	4	4	4	4	4	4
513	2	3	4	4	4	3	4	3	4	4	4	4	4	4	4
514	2	3	3	3	4	3	4	3	4	4	4	4	4	4	4
515	2	3	3	3	4	3	4	3	4	4	4	4	4	4	4
516	2	3	4	4	4	3	4	3	4	4	4	4	4	4	4
517	2	3	4	4	4	3	4	3	4	4	4	4	4	4	4
518	2	3	3	3	4	3	4	3	4	4	4	4	4	4	4
519	2	3	3	3	4	3	4	3	4	4	4	4	4	4	4
520	3	4	4	3	4	4	4	3	4	4	4	4	4	4	4
521	2	1	4	3	4	4	4	3	4	4	4	4	4	4	4
522	3	4	4	3	4	4	4	3	4	4	4	4	4	4	4
523	3	4	4	3	4	4	4	3	4	4	4	4	4	4	4
524	3	4	4	3	4	4	4	3	4	4	4	4	4	4	4
525	3	4	4	3	4	4	4	3	4	4	4	4	4	4	4
526	2	1	3	4	3	4	4	3	4	3	4	3	4	4	4
527	3	3	3	4	3	4	4	3	4	3	4	3	4	4	4
528	3	4	4	3	4	4	4	3	4	4	4	4	4	4	4
529	3	4	4	3	4	4	4	3	4	4	4	4	4	4	4
530	3	4	4	3	4	4	4	3	4	4	4	4	4	4	4
531	2	3	3	4	3	4	4	3	4	3	4	3	4	4	4
532	2	1	4	3	4	4	4	3	4	4	4	4	4	4	4
533	3	3	3	4	3	4	4	3	4	3	4	3	4	4	4
534	3	4	3	4	4	3	4	4	4	4	4	4	4	4	4
535	3	4	3	4	4	3	4	4	4	4	4	4	4	4	4
536	3	3	4	4	4	3	4	4	4	4	4	4	3	3	4
537	3	1	4	4	4	3	4	4	4	4	4	4	3	3	4
538	3	3	4	4	4	3	4	4	4	4	4	4	3	3	4
539	3	4	3	4	4	3	4	4	4	4	4	4	4	4	4
540	3	3	4	4	4	3	4	4	4	4	4	4	3	3	4
541	3	3	4	4	4	3	4	4	4	4	4	4	3	3	4
542	3	4	3	4	4	3	4	4	4	4	4	4	4	4	4
543	3	3	4	4	4	3	4	4	4	4	4	4	3	3	4
544	1	4	3	4	4	3	4	4	4	4	4	4	4	4	4
545	3	4	3	4	4	3	4	4	4	4	4	4	4	4	4
546	3	4	3	4	4	3	4	4	4	4	4	4	4	4	4
547	3	4	3	4	4	3	4	4	4	4	4	4	4	4	4
548	3	4	3	4	4	3	4	4	4	4	4	4	4	4	4
549	3	4	3	4	4	3	4	4	4	4	4	4	4	4	4
550	3	4	3	4	4	3	4	4	4	4	4	4	4	4	4
551	3	3	4	4	4	3	4	4	4	4	4	4	3	3	4
552	3	3	4	4	4	3	4	4	4	4	4	4	3	3	4
553	2	4	4	4	4	4	4	4	4	4	4	4	4	4	4
554	3	4	4	4	4	4	4	4	4	4	4	4	4	4	4
555	3	4	4	4	4	4	4	4	4	4	4	4	4	4	4
556	2	4	4	4	4	4	4	4	4	4	4	4	4	4	4
557	3	4	4	4	4	4	4	4	4	4	4	4	4	4	4
558	3	4	4	4	4	4	4	4	4	4	4	4	4	4	4
559	2	4	4	4	4	4	4	4	4	4	4	4	4	4	4
560	2	4	4	4	4	4	4	4	4	4	4	4	4	4	4
561	2	4	4	4	4	4	4	4	4	4	4	4	4	4	4
562	3	4	4	4	4	4	4	4	4	4	4	4	4	4	4
563	2	4	4	4	4	4	4	4	4	4	4	4	4	4	4
564	2	4	4	4	4	4	4	4	4	4	4	4	4	4	4
565	2	4	4	4	4	4	4	4	4	4	4	4	4	4	4
566	2	4	4	4	4	4	4	4	4	4	4	4	4	4	4
567	3	4	4	4	4	4	4	4	4	4	4	4	4	4	4
568	3	4	4	4	4	4	4	4	4	4	4	4	4	4	4
569	3	4	4	4	4	4	4	4	4	4	4	4	4	4	4
570	3	4	4	4	4	4	4	4	4	4	4	4	4	4	4
571	3	4	4	4	4	4	4	4	4	4	4	4	4	4	4
572	3	4	4	4	4	4	4	4	4	4	4	4	4	4	4
573	3	4	4	4	4	4	4	4	4	4	4	4	4	4	4
574	3	4	4	4	4	4	4	4	4	4	4	4	4	4	4
575	3	4	4	4	4	4	4	4	4	4	4	4	4	4	4
576	1	4	4	4	4	4	4	4	4	4	4	4	4	4	4
577	3	4	4	4	4	4	4	4	4	4	4	4	4	4	4
578	2	4	4	4	4	4	4	4	3	4	4	4	4	4	4
579	2	4	4	4	4	4	4	4	3	4	4	4	4	4	4
580	2	4	4	4	4	4	4	4	3	4	4	4	4	4	4
581	2	4	4	4	4	4	4	4	3	4	4	4	4	4	4
582	2	4	4	4	4	4	4	4	3	4	4	4	4	4	4
583	2	4	4	4	4	4	4	4	3	4	4	4	4	4	4
584	2	4	4	4	4	4	4	4	3	4	4	4	4	4	4
585	2	4	4	4	4	4	4	4	3	4	4	4	4	4	4
586	3	4	4	3	4	4	4	4	4	4	3	4	4	4	4
587	3	4	4	1	4	4	4	4	4	4	3	4	4	4	4
588	3	4	4	3	4	4	4	4	4	4	3	4	4	4	4
589	3	4	4	3	4	4	4	4	4	4	3	4	4	4	4
590	3	4	4	3	4	4	4	4	4	4	3	4	4	4	4
591	3	4	4	3	4	4	4	4	4	4	3	4	4	4	4
592	3	4	4	3	4	4	4	4	4	4	3	4	4	4	4
593	3	4	4	3	4	4	4	4	4	4	3	4	4	4	4
594	3	4	4	3	4	4	4	4	4	4	3	4	4	4	4
595	3	4	4	3	4	4	4	4	4	4	3	4	4	4	4
596	3	4	4	3	3	4	4	4	4	4	4	4	4	4	4
597	3	4	4	4	4	4	4	4	4	4	4	4	4	4	4
598	2	4	4	4	4	4	4	4	4	4	4	4	4	4	4
599	2	4	4	4	4	4	4	4	4	4	4	4	4	4	4
600	3	4	4	4	4	4	4	4	4	4	4	4	4	4	4
601	3	4	4	3	3	4	4	4	4	4	4	4	4	4	4
602	3	4	4	4	4	4	4	4	4	4	4	4	4	4	4
603	2	4	4	4	4	4	4	4	4	4	4	4	4	4	4
604	3	4	4	4	4	4	4	4	4	4	4	4	4	4	4
605	3	4	4	3	3	4	4	4	4	4	4	4	4	4	4
606	2	4	4	4	4	4	4	4	4	4	4	4	4	4	4
607	3	4	4	3	3	4	4	4	4	4	4	4	4	4	4
608	2	4	4	4	4	4	4	4	4	4	4	4	4	4	4
609	3	4	4	4	4	4	4	4	4	4	4	4	4	4	4
610	2	4	4	4	4	4	4	4	4	4	4	4	4	4	4
611	3	4	4	3	3	4	4	4	4	4	4	4	4	4	4
612	3	4	4	4	4	4	4	4	4	4	4	4	4	4	4
613	2	4	3	4	4	4	4	4	2	4	4	2	4	2	4
614	2	4	3	4	4	4	4	4	2	4	4	2	4	2	4
615	3	4	3	4	4	4	4	4	2	4	4	2	4	2	4
616	2	4	3	4	4	4	4	4	2	4	4	2	4	2	4
617	3	4	3	4	4	4	4	4	2	4	4	2	4	2	4
618	2	4	3	4	4	4	4	4	2	4	4	2	4	2	4
619	2	4	3	3	4	4	3	4	2	4	4	2	4	2	4
620	2	4	3	3	4	4	3	4	2	4	4	2	4	2	4
621	2	4	3	4	4	4	4	4	2	4	4	2	4	2	4
622	2	4	3	4	4	4	4	4	2	4	4	2	4	2	4
623	2	4	3	4	4	4	4	4	2	4	4	2	4	2	4
624	2	4	3	4	4	4	4	4	2	4	4	2	4	2	4
625	3	4	3	4	4	4	4	4	2	4	4	2	4	2	4
626	2	4	3	4	4	4	4	4	2	4	4	2	4	2	4
627	2	4	3	3	4	4	3	4	2	4	4	2	4	2	4
628	2	4	3	3	4	4	3	4	2	4	4	2	4	2	4
629	2	4	3	4	4	4	4	4	2	4	4	2	4	2	4
630	2	4	1	4	4	4	4	4	2	4	4	2	4	2	4
631	2	4	4	2	2	4	4	2	4	4	4	4	4	4	4
632	2	4	4	2	2	4	4	2	4	4	4	4	4	4	4
633	2	4	4	2	2	4	4	2	4	4	4	4	4	4	4
634	2	4	4	2	2	4	4	2	4	4	4	4	4	4	4
635	2	4	4	2	2	4	4	2	4	4	4	4	4	4	4
636	2	4	4	2	2	4	4	2	4	4	4	4	4	4	4
637	2	4	4	2	2	4	4	2	4	4	4	4	4	4	4
638	2	4	4	2	2	4	4	2	4	4	4	4	4	4	4
639	2	4	4	2	2	4	4	2	4	4	4	4	4	4	4
640	2	4	4	2	2	4	4	2	4	4	4	4	4	4	4
641	2	4	4	2	2	4	4	2	4	4	4	4	4	4	4
642	2	4	4	2	2	4	4	2	4	4	4	4	4	4	4
643	2	4	4	2	2	4	4	2	4	4	4	4	4	4	4
644	2	4	4	2	2	4	4	2	4	4	4	4	4	4	4
645	2	4	4	2	2	4	4	2	4	4	4	4	4	4	4
646	2	4	4	2	2	4	4	2	4	4	4	4	4	4	4
647	2	4	4	2	2	4	4	2	4	4	4	4	4	4	4
648	2	4	4	2	2	4	4	2	4	4	4	4	4	4	4
649	3	4	4	4	4	4	4	3	4	4	4	4	4	4	4
650	3	4	4	4	4	4	4	3	4	4	4	4	4	4	4
651	3	4	4	4	4	4	4	3	4	4	4	4	4	4	4
652	3	4	4	4	4	4	4	3	4	4	4	4	4	4	4
653	3	4	4	4	4	4	4	3	4	4	4	4	4	4	4
654	3	4	4	4	4	4	4	3	4	4	4	4	4	4	4
655	3	4	4	4	4	4	4	3	4	4	4	4	4	4	4
656	3	4	4	4	4	4	4	3	4	4	4	4	4	4	4
657	3	4	4	4	4	4	4	3	4	4	4	4	4	4	4
658	3	4	4	4	4	4	4	3	4	4	4	4	4	4	4
659	3	4	4	4	4	4	4	4	4	4	4	3	4	4	4
660	2	3	4	4	4	4	4	4	4	4	4	3	4	4	4
661	3	4	4	4	4	4	4	4	4	4	4	3	4	4	4
662	2	3	4	4	4	4	4	4	4	4	4	3	4	4	4
663	3	4	4	4	4	4	4	4	4	4	4	3	4	4	4
664	4	4	4	4	4	4	4	4	4	4	4	3	4	4	4
665	1	1	4	4	4	4	4	4	4	4	4	3	4	4	4
666	3	4	4	4	4	4	4	4	4	4	4	3	4	4	4
667	2	3	4	4	4	4	4	4	4	4	4	3	4	4	4
668	2	3	4	4	4	4	4	4	4	4	4	1	4	4	4
669	2	3	4	4	4	4	4	4	4	4	4	3	4	4	4
670	3	4	4	4	4	4	4	4	4	4	4	3	4	4	4
671	2	3	4	4	4	4	4	4	4	4	4	3	4	4	4
672	2	3	4	4	4	4	4	3	4	4	4	4	4	4	4
673	2	3	4	4	4	4	4	3	4	4	4	4	4	4	4
674	2	3	4	4	4	4	4	3	4	4	4	4	4	4	4
675	2	3	4	4	4	4	4	3	4	4	4	4	4	4	4
676	2	3	4	4	4	4	4	3	4	4	4	4	4	4	4
677	2	3	4	4	4	4	4	3	4	4	4	4	4	4	4
678	2	3	4	4	4	4	4	3	4	4	4	4	4	4	4
679	2	1	4	4	4	4	4	3	4	4	4	4	4	4	4
680	2	1	4	4	4	4	4	3	4	4	4	4	4	4	4
681	3	3	4	4	4	4	4	3	4	4	4	4	4	4	4
682	3	3	4	4	4	4	4	3	4	4	4	4	4	4	4
683	3	3	4	4	4	4	4	3	4	4	4	4	4	4	4
684	3	3	4	4	4	4	4	3	4	4	4	4	4	4	4
685	3	3	4	4	4	4	4	3	4	4	4	4	4	4	4
686	3	3	4	4	4	4	4	3	4	4	4	4	4	4	4
687	3	3	4	4	4	4	4	1	4	4	4	4	4	4	4
688	3	3	4	4	4	4	4	3	4	4	4	4	4	4	4
689	3	3	4	4	4	4	4	3	4	4	4	4	4	4	4
690	3	3	4	4	4	4	4	3	4	4	4	4	4	4	4
691	3	3	4	4	4	4	4	3	4	4	4	4	4	4	4
692	2	4	4	4	3	4	2	4	4	4	4	4	2	4	4
693	2	4	4	4	3	4	2	4	4	4	4	4	2	4	4
694	2	4	4	4	3	4	2	4	4	4	4	4	2	4	4
695	2	4	4	4	3	4	2	4	4	4	4	4	2	4	4
696	2	4	4	4	3	4	2	4	4	4	4	4	2	4	4
697	2	4	4	4	3	4	2	4	4	4	4	4	2	4	4
698	2	4	4	4	3	4	2	4	4	4	4	4	2	4	4
699	2	4	4	4	3	4	2	4	4	4	4	4	2	4	4
700	3	4	4	4	3	4	2	4	4	4	4	4	2	4	4
701	2	4	4	4	3	4	2	4	4	4	4	4	2	4	4
702	3	4	4	4	3	4	2	4	4	4	4	4	2	4	4
703	2	4	4	4	3	4	2	4	4	4	4	4	2	4	4
704	2	4	4	4	3	4	2	4	4	4	4	4	2	4	4
705	2	4	4	4	3	4	2	4	4	4	4	4	2	4	4
706	2	4	4	4	3	4	2	4	4	4	4	4	2	4	4
707	2	4	4	4	3	4	2	4	4	4	4	4	2	4	4
708	3	4	4	4	3	4	2	4	4	4	4	4	2	4	4
709	2	4	4	4	3	4	2	4	4	4	4	4	2	4	4
710	3	4	4	4	4	4	4	4	4	4	4	4	4	4	4
711	3	4	4	4	4	4	4	4	4	4	4	4	4	4	4
712	3	4	4	4	4	4	4	4	4	4	4	4	4	4	4
713	3	4	4	4	4	4	4	4	4	4	4	4	4	4	4
714	3	4	4	4	4	4	4	4	4	4	4	4	4	4	4
715	3	4	4	4	4	4	4	4	4	4	4	4	4	4	4
716	3	4	4	4	4	4	4	4	4	4	4	4	4	4	4
717	3	4	4	4	4	4	4	4	4	4	4	4	4	4	4
718	3	4	4	4	4	4	4	4	4	4	4	4	4	4	4
719	3	4	4	4	4	4	4	4	4	4	4	4	4	4	4
720	3	4	4	4	4	4	4	4	4	4	4	4	4	4	4
721	3	4	4	4	4	4	4	4	4	4	4	4	4	4	4
722	3	4	4	4	4	4	4	4	4	4	4	4	4	4	4
723	3	4	4	4	4	4	4	4	4	4	4	4	4	4	4
724	3	4	4	4	4	4	4	4	4	4	4	4	4	4	4
725	3	4	4	4	4	4	4	4	4	4	4	4	4	4	4
726	2	4	4	4	2	4	4	3	4	4	4	4	4	4	4
727	2	4	4	4	2	4	4	3	4	4	4	4	4	4	4
728	2	4	4	4	2	4	4	3	4	4	4	4	4	4	4
729	2	4	4	4	2	4	4	3	4	4	4	4	4	4	4
730	2	4	4	4	2	4	4	3	4	4	4	4	4	4	4
731	2	4	4	4	2	4	4	3	4	4	4	4	4	4	4
732	2	4	4	4	2	4	4	3	4	4	4	4	4	4	4
733	2	4	4	4	2	4	4	3	4	4	4	4	4	4	4
734	2	4	4	4	2	4	4	3	4	4	4	4	4	4	4
735	2	4	4	4	2	4	4	3	4	4	4	4	4	4	4
736	2	4	4	4	2	4	4	3	4	4	4	4	4	4	4
737	2	4	4	4	2	4	4	3	4	4	4	4	4	4	4
738	2	4	4	4	2	4	4	3	4	4	4	4	4	4	4
739	2	4	4	4	2	4	4	3	4	4	4	4	4	4	4
740	2	4	4	4	2	4	4	3	4	4	4	4	4	4	4
741	2	4	4	4	2	4	4	3	4	4	4	4	4	4	4
742	2	4	4	4	2	4	4	3	4	4	4	4	4	4	4
743	2	4	4	4	2	4	4	3	4	4	4	4	4	4	4
744	2	3	4	4	4	4	4	4	4	4	4	4	4	4	4
745	2	3	4	4	4	4	4	4	4	4	4	4	4	4	4
746	2	3	4	4	4	4	4	4	4	4	4	4	4	4	4
747	2	3	4	4	4	4	4	4	4	4	4	4	4	4	4
748	2	3	4	4	4	4	4	4	4	4	4	4	4	4	4
749	2	3	4	4	4	4	4	4	4	4	4	4	4	4	4
750	3	3	4	4	4	4	4	4	4	4	4	4	4	4	4
751	2	3	4	4	4	4	4	4	4	4	4	4	4	4	4
752	3	3	4	4	4	4	4	4	4	4	4	4	4	4	4
753	2	3	4	4	4	4	4	4	4	4	4	4	4	4	4
754	2	3	4	4	4	4	4	4	4	4	4	4	4	4	4
755	3	3	4	4	4	4	4	4	4	4	4	4	4	4	4
756	2	4	4	2	2	4	4	2	4	4	4	4	4	4	4
757	3	4	4	2	2	4	4	2	4	4	4	4	4	4	4
758	2	4	4	2	2	4	4	2	4	4	4	4	4	4	4
759	2	4	4	2	2	4	4	2	4	4	4	4	4	4	4
760	2	4	4	2	2	4	4	2	4	4	4	4	4	4	4
761	2	4	4	2	2	4	4	2	4	4	4	4	4	4	4
762	3	4	4	2	2	4	4	2	4	4	4	4	4	4	4
763	2	4	4	2	2	4	4	2	4	4	4	4	4	4	4
764	2	4	4	2	2	4	4	2	4	4	4	4	4	4	4
765	2	4	4	2	2	4	4	2	4	4	4	4	4	4	4
766	2	4	4	2	2	4	4	2	4	4	4	4	4	4	4
767	3	4	4	2	2	4	4	2	4	4	4	4	4	4	4
768	2	4	4	2	2	4	4	2	4	4	4	4	4	4	4
769	3	4	4	2	2	4	4	2	4	4	4	4	4	4	4
770	2	4	4	2	2	4	4	2	4	4	4	4	4	4	4
771	2	4	4	2	2	4	4	2	4	4	4	4	4	4	4
772	2	4	4	2	2	4	4	2	4	4	4	4	4	4	4
773	2	4	4	2	2	4	4	2	4	4	4	4	4	4	4
774	2	4	4	2	2	4	4	2	4	4	4	4	4	4	4
775	3	4	4	4	3	4	4	4	4	4	4	4	4	4	4
776	3	4	4	4	3	4	4	4	4	4	4	4	4	4	4
777	3	4	4	4	3	4	4	4	4	4	4	4	4	4	4
778	2	4	4	4	3	4	4	4	4	4	4	4	4	4	4
779	3	4	4	4	3	4	4	4	4	4	4	4	4	4	4
780	3	4	4	4	3	4	4	4	4	4	4	4	4	4	4
781	3	4	4	4	3	4	4	4	4	4	4	4	4	4	4
782	3	1	3	3	3	4	4	4	4	4	4	4	4	4	4
783	3	1	3	3	3	4	4	4	4	4	4	4	4	4	4
784	3	4	4	4	4	4	4	4	4	4	4	4	4	4	4
785	3	3	4	4	4	4	4	4	4	4	4	4	4	4	4
786	3	4	4	4	4	4	4	4	4	4	4	4	4	4	4
787	3	4	4	4	4	4	4	4	4	4	4	4	4	4	4
788	3	4	4	4	4	4	4	4	4	4	4	4	4	4	4
789	3	3	4	4	4	4	4	4	4	4	4	4	4	4	4
790	3	4	4	4	4	4	4	4	4	4	4	4	4	4	4
791	3	4	4	4	4	4	4	4	4	4	4	4	4	4	4
792	3	4	4	4	4	4	4	4	4	4	4	4	4	4	4
793	3	4	4	4	4	4	4	4	4	4	4	4	4	4	4
794	3	4	4	4	4	4	4	4	4	4	4	4	4	4	4
795	3	4	4	4	4	4	4	4	4	4	4	4	4	4	4
796	3	4	4	4	4	4	4	4	4	4	4	4	4	4	4
797	3	4	4	4	4	4	4	4	4	4	4	4	4	4	4
798	3	4	4	4	4	4	4	4	4	4	4	4	4	4	4
799	3	4	4	4	4	4	4	4	4	4	4	4	4	4	4
800	3	4	4	4	4	4	4	4	4	4	4	4	4	4	4
