# MolID	Frame0	Frame1	Frame2	Frame3	Frame4	Frame5	Frame6	Frame7	Frame8	Frame9	Frame10	Frame11	Frame12	Frame13	Frame14
1	2	4	4	3	4	3	3	4	3	3	4	4	3	4	3
2	2	4	4	3	4	3	3	4	3	3	4	4	3	4	3
3	2	4	4	3	4	3	3	4	3	3	4	4	3	4	3
4	3	3	3	3	4	4	3	4	3	4	4	4	4	3	3
5	3	3	3	3	4	4	3	4	3	4	4	4	4	3	3
6	3	3	3	3	4	4	3	4	3	4	4	4	4	3	3
7	2	4	4	3	4	3	3	4	3	3	4	4	3	4	3
8	2	4	4	3	4	3	3	4	3	3	4	4	3	4	3
9	2	4	4	3	4	3	3	4	3	3	4	4	3	4	3
10	3	3	4	4	3	4	4	4	4	4	4	4	3	4	3
11	3	3	4	4	3	4	4	4	4	4	4	4	3	4	3
12	3	3	4	4	3	4	4	4	4	4	4	4	3	4	3
13	3	3	4	4	3	4	4	4	4	4	4	4	3	4	3
14	3	3	4	4	3	4	4	4	4	4	4	4	3	4	3
15	3	3	4	4	3	4	4	4	4	4	4	4	3	4	3
16	3	3	4	4	3	4	4	4	4	4	4	4	3	4	3
17	3	3	4	4	3	4	4	4	4	4	4	4	3	4	3
18	3	3	3	3	4	4	3	4	3	4	4	4	4	3	3
19	3	3	3	3	4	4	3	4	3	4	4	4	4	3	3
20	3	3	3	3	4	4	3	4	3	4	4	4	4	3	3
21	2	2	2	2	2	2	2	2	2	2	2	2	2	2	2
22	2	2	2	2	2	2	2	2	2	2	2	2	2	2	2
23	2	2	2	2	2	2	2	2	2	2	2	2	2	2	2
24	2	2	2	2	2	2	2	2	2	2	2	2	2	2	2
25	2	2	2	2	2	2	2	2	2	2	2	2	2	2	2
26	2	2	2	2	2	2	2	2	2	2	2	2	2	2	2
27	2	2	2	2	2	2	2	2	2	2	2	2	2	2	2
28	2	2	2	2	2	2	2	2	2	2	2	2	2	2	2
29	2	2	2	2	2	2	2	2	2	2	2	2	2	2	2
30	2	2	2	2	2	2	2	2	2	2	2	2	2	2	2
31	2	2	2	2	2	2	2	2	2	2	2	2	2	2	2
32	2	2	2	2	2	2	2	2	2	2	2	2	2	2	2
33	2	2	2	2	2	2	2	2	2	2	2	2	2	2	2
34	2	2	2	2	2	2	2	2	2	2	2	2	2	2	2
35	2	2	2	2	2	2	2	2	2	2	2	2	2	2	2
36	2	2	2	2	2	2	2	2	2	2	2	2	2	2	2
37	2	2	2	2	2	2	2	2	2	2	2	2	2	2	2
38	2	2	2	2	2	2	2	2	2	2	2	2	2	2	2
39	2	2	2	2	2	2	2	2	2	2	2	2	2	2	2
40	2	2	2	2	2	2	2	2	2	2	2	2	2	2	2
41	2	2	2	2	2	2	2	2	2	2	2	2	2	2	2
42	2	2	2	2	2	2	2	2	2	2	2	2	2	2	2
43	2	2	2	2	2	2	2	2	2	2	2	2	2	2	2
44	2	2	2	2	2	2	2	2	2	2	2	2	2	2	2
45	2	2	2	2	2	2	2	2	2	2	2	2	2	2	2
46	2	2	2	2	2	2	2	2	2	2	2	2	2	2	2
47	2	2	2	2	2	2	2	2	2	2	2	2	2	2	2
48	2	2	2	2	2	2	2	2	2	2	2	2	2	2	2
49	2	2	2	2	2	2	2	2	2	2	2	2	2	2	2
50	2	2	2	2	2	2	2	2	2	2	2	2	2	2	2
51	2	2	2	2	2	2	2	2	2	2	2	2	2	2	2
52	2	2	2	2	2	2	2	2	2	2	2	2	2	2	2
53	2	2	2	2	2	2	2	2	2	2	2	2	2	2	2
54	2	2	2	2	2	2	2	2	2	2	2	2	2	2	2
55	2	2	2	2	2	2	2	2	2	2	2	2	2	2	2
56	2	2	2	2	2	2	2	2	2	2	2	2	2	2	2
57	2	2	2	2	2	2	2	2	2	2	2	2	2	2	2
58	2	2	2	2	2	2	2	2	2	2	2	2	2	2	2
59	2	2	2	2	2	2	2	2	2	2	2	2	2	2	2
60	2	2	2	2	2	2	2	2	2	2	2	2	2	2	2
61	2	2	2	2	2	2	2	2	2	2	2	2	2	2	2
62	2	2	2	2	2	2	2	2	2	2	2	2	2	2	2
63	2	2	2	2	2	2	2	2	2	2	2	2	2	2	2
64	2	2	2	2	2	2	2	2	2	2	2	2	2	2	2
65	2	2	2	2	2	2	2	2	2	2	2	2	2	2	2
66	2	2	2	2	2	2	2	2	2	2	2	2	2	2	2
67	2	2	2	2	2	2	2	2	2	2	2	2	2	2	2
68	2	2	2	2	2	2	2	2	2	2	2	2	2	2	2
69	2	2	2	2	2	2	2	2	2	2	2	2	2	2	2
70	2	2	2	2	2	2	2	2	2	2	2	2	2	2	2
71	2	2	2	2	2	2	2	2	2	2	2	2	2	2	2
72	2	2	2	2	2	2	2	2	2	2	2	2	2	2	2
73	2	2	2	2	2	2	2	2	2	2	2	2	2	2	2
74	2	2	2	2	2	2	2	2	2	2	2	2	2	2	2
75	2	2	2	2	2	2	2	2	2	2	2	2	2	2	2
76	2	2	2	2	2	2	2	2	2	2	2	2	2	2	2
77	2	2	2	2	2	2	2	2	2	2	2	2	2	2	2
78	2	2	2	2	2	2	2	2	2	2	2	2	2	2	2
79	2	2	2	2	2	2	2	2	2	2	2	2	2	2	2
80	2	2	2	2	2	2	2	2	2	2	2	2	2	2	2
81	2	2	2	2	2	2	2	2	2	2	2	2	2	2	2
82	2	2	2	2	2	2	2	2	2	2	2	2	2	2	2
83	2	2	2	2	2	2	2	2	2	2	2	2	2	2	2
84	2	2	2	2	2	2	2	2	2	2	2	2	2	2	2
85	2	2	2	2	2	2	2	2	2	2	2	2	2	2	2
86	2	2	2	2	2	2	2	2	2	2	2	2	2	2	2
87	2	2	2	2	2	2	2	2	2	2	2	2	2	2	2
88	2	2	2	2	2	2	2	2	2	2	2	2	2	2	2
89	2	2	2	2	2	2	2	2	2	2	2	2	2	2	2
90	2	2	2	2	2	2	2	2	2	2	2	2	2	2	2
91	2	2	2	2	2	2	2	2	2	2	2	2	2	2	2
92	2	2	2	2	2	2	2	2	2	2	2	2	2	2	2
93	2	2	2	2	2	2	2	2	2	2	2	2	2	2	2
94	2	2	2	2	2	2	2	2	2	2	2	2	2	2	2
95	2	2	2	2	2	2	2	2	2	2	2	2	2	2	2
96	2	2	2	2	2	2	2	2	2	2	2	2	2	2	2
97	2	2	2	2	2	2	2	2	2	2	2	2	2	2	2
98	2	2	2	2	2	2	2	2	2	2	2	2	2	2	2
99	2	2	2	2	2	2	2	2	2	2	2	2	2	2	2
100	2	2	2	2	2	2	2	2	2	2	2	2	2	2	2
101	2	2	2	2	2	2	2	2	2	2	2	2	2	2	2
102	2	2	2	2	2	2	2	2	2	2	2	2	2	2	2
103	2	2	2	2	2	2	2	2	2	2	2	2	2	2	2
104	2	2	2	2	2	2	2	2	2	2	2	2	2	2	2
105	2	2	2	2	2	2	2	2	2	2	2	2	2	2	2
106	2	2	2	2	2	2	2	2	2	2	2	2	2	2	2
107	2	2	2	2	2	2	2	2	2	2	2	2	2	2	2
108	2	2	2	2	2	2	2	2	2	2	2	2	2	2	2
109	2	2	2	2	2	2	2	2	2	2	2	2	2	2	2
110	2	2	2	2	2	2	2	2	2	2	2	2	2	2	2
111	2	2	2	2	2	2	2	2	2	2	2	2	2	2	2
112	2	2	2	2	2	2	2	2	2	2	2	2	2	2	2
113	2	2	2	2	2	2	2	2	2	2	2	2	2	2	2
114	2	2	2	2	2	2	2	2	2	2	2	2	2	2	2
115	2	2	2	2	2	2	2	2	2	2	2	2	2	2	2
116	2	2	2	2	2	2	2	2	2	2	2	2	2	2	2
117	2	2	2	2	2	2	2	2	2	2	2	2	2	2	2
118	2	2	2	2	2	2	2	2	2	2	2	2	2	2	2
119	2	2	2	2	2	2	2	2	2	2	2	2	2	2	2
120	2	2	2	2	2	2	2	2	2	2	2	2	2	2	2
121	2	2	2	2	2	2	2	2	2	2	2	2	2	2	2
122	2	2	2	2	2	2	2	2	2	2	2	2	2	2	2
123	2	2	2	2	2	2	2	2	2	2	2	2	2	2	2
124	2	2	2	2	2	2	2	2	2	2	2	2	2	2	2
125	2	2	2	2	2	2	2	2	2	2	2	2	2	2	2
126	2	2	2	2	2	2	2	2	2	2	2	2	2	2	2
127	2	2	2	2	2	2	2	2	2	2	2	2	2	2	2
128	2	2	2	2	2	2	2	2	2	2	2	2	2	2	2
129	2	2	2	2	2	2	2	2	2	2	2	2	2	2	2
130	2	2	2	2	2	2	2	2	2	2	2	2	2	2	2
131	2	2	2	2	2	2	2	2	2	2	2	2	2	2	2
132	2	2	2	2	2	2	2	2	2	2	2	2	2	2	2
133	2	2	2	2	2	2	2	2	2	2	2	2	2	2	2
134	2	2	2	2	2	2	2	2	2	2	2	2	2	2	2
135	2	2	2	2	2	2	2	2	2	2	2	2	2	2	2
136	2	2	2	2	2	2	2	2	2	2	2	2	2	2	2
137	2	2	2	2	2	2	2	2	2	2	2	2	2	2	2
138	2	2	2	2	2	2	2	2	2	2	2	2	2	2	2
139	2	2	2	2	2	2	2	2	2	2	2	2	2	2	2
140	2	2	2	2	2	2	2	2	2	2	2	2	2	2	2
141	2	2	2	2	2	2	2	2	2	2	2	2	2	2	2
142	2	2	2	2	2	2	2	2	2	2	2	2	2	2	2
143	2	2	2	2	2	2	2	2	2	2	2	2	2	2	2
144	2	2	2	2	2	2	2	2	2	2	2	2	2	2	2
145	2	2	2	2	2	2	2	2	2	2	2	2	2	2	2
146	2	2	2	2	2	2	2	2	2	2	2	2	2	2	2
147	2	2	2	2	2	2	2	2	2	2	2	2	2	2	2
148	2	2	2	2	2	2	2	2	2	2	2	2	2	2	2
149	2	2	2	2	2	2	2	2	2	2	2	2	2	2	2
150	2	2	2	2	2	2	2	2	2	2	2	2	2	2	2
151	2	2	2	2	2	2	2	2	2	2	2	2	2	2	2
152	2	2	2	2	2	2	2	2	2	2	2	2	2	2	2
153	2	2	2	2	2	2	2	2	2	2	2	2	2	2	2
154	2	2	2	2	2	2	2	2	2	2	2	2	2	2	2
155	2	2	2	2	2	2	2	2	2	2	2	2	2	2	2
156	2	2	2	2	2	2	2	2	2	2	2	2	2	2	2
157	2	2	2	2	2	2	2	2	2	2	2	2	2	2	2
158	2	2	2	2	2	2	2	2	2	2	2	2	2	2	2
159	2	2	2	2	2	2	2	2	2	2	2	2	2	2	2
160	2	2	2	2	2	2	2	2	2	2	2	2	2	2	2
161	2	2	2	2	2	2	2	2	2	2	2	2	2	2	2
162	2	2	2	2	2	2	2	2	2	2	2	2	2	2	2
163	2	2	2	2	2	2	2	2	2	2	2	2	2	2	2
164	2	2	2	2	2	2	2	2	2	2	2	2	2	2	2
165	2	2	2	2	2	2	2	2	2	2	2	2	2	2	2
166	2	2	2	2	2	2	2	2	2	2	2	2	2	2	2
167	2	2	2	2	2	2	2	2	2	2	2	2	2	2	2
168	2	2	2	2	2	2	2	2	2	2	2	2	2	2	2
169	2	2	2	2	2	2	2	2	2	2	2	2	2	2	2
170	2	2	2	2	2	2	2	2	2	2	2	2	2	2	2
171	2	2	2	2	2	2	2	2	2	2	2	2	2	2	2
172	2	2	2	2	2	2	2	2	2	2	2	2	2	2	2
173	2	2	2	2	2	2	2	2	2	2	2	2	2	2	2
174	2	2	2	2	2	2	2	2	2	2	2	2	2	2	2
175	2	2	2	2	2	2	2	2	2	2	2	2	2	2	2
176	2	2	2	2	2	2	2	2	2	2	2	2	2	2	2
177	2	2	2	2	2	2	2	2	2	2	2	2	2	2	2
178	2	2	2	2	2	2	2	2	2	2	2	2	2	2	2
179	2	2	2	2	2	2	2	2	2	2	2	2	2	2	2
180	2	2	2	2	2	2	2	2	2	2	2	2	2	2	2
181	2	2	2	2	2	2	2	2	2	2	2	2	2	2	2
182	2	2	2	2	2	2	2	2	2	2	2	2	2	2	2
183	2	2	2	2	2	2	2	2	2	2	2	2	2	2	2
184	2	2	2	2	2	2	2	2	2	2	2	2	2	2	2
185	2	2	2	2	2	2	2	2	2	2	2	2	2	2	2
186	2	2	2	2	2	2	2	2	2	2	2	2	2	2	2
187	2	2	2	2	2	2	2	2	2	2	2	2	2	2	2
188	2	2	2	2	2	2	2	2	2	2	2	2	2	2	2
189	3	2	2	2	2	2	2	4	4	2	4	2	2	4	2
190	3	2	2	2	2	2	2	4	4	2	4	2	2	4	2
191	3	2	2	2	2	2	2	4	4	2	4	2	2	4	2
192	3	2	2	2	2	2	2	4	4	2	4	2	2	4	2
193	3	2	2	2	2	2	2	4	4	2	4	2	2	4	2
194	3	2	2	2	2	2	2	4	4	2	4	2	2	4	2
195	3	2	2	2	2	2	2	4	4	2	4	2	2	4	2
196	3	2	2	2	2	2	2	4	4	2	4	2	2	4	2
197	3	2	2	2	2	2	2	4	4	2	4	2	2	4	2
198	3	2	2	2	2	2	2	4	4	2	4	2	2	4	2
199	3	2	2	2	2	2	2	4	4	2	4	2	2	4	2
200	3	2	2	2	2	2	2	4	4	2	4	2	2	4	2
201	3	2	2	2	2	2	2	4	4	2	4	2	2	4	2
202	3	2	2	2	2	2	2	4	4	2	4	2	2	4	2
203	3	2	2	2	2	2	2	4	4	2	4	2	2	4	2
204	3	2	2	2	2	2	2	4	4	2	4	2	2	4	2
205	3	2	2	2	2	2	2	4	4	2	4	2	2	4	2
206	3	2	2	2	2	2	2	4	4	2	4	2	2	4	2
207	3	2	2	2	2	2	2	4	4	2	4	2	2	4	2
208	3	2	2	2	2	2	2	4	4	2	4	2	2	4	2
209	2	2	2	2	2	2	2	2	2	2	2	2	2	2	2
210	2	2	2	2	2	2	2	2	2	2	2	2	2	2	2
211	2	2	2	2	2	2	2	2	2	2	2	2	2	2	2
212	2	2	2	2	2	2	2	2	2	2	2	2	2	2	2
213	2	2	2	2	2	2	2	2	2	2	2	2	2	2	2
214	2	2	2	2	2	2	2	2	2	2	2	2	2	2	2
215	2	2	2	2	2	2	2	2	2	2	2	2	2	2	2
216	2	2	2	2	2	2	2	2	2	2	2	2	2	2	2
217	2	2	2	2	2	2	2	2	2	2	2	2	2	2	2
218	2	2	2	2	2	2	2	2	2	2	2	2	2	2	2
219	2	2	2	2	2	2	2	2	2	2	2	2	2	2	2
220	2	2	2	2	2	2	2	2	2	2	2	2	2	2	2
221	2	2	2	2	2	2	2	2	2	2	2	2	2	2	2
222	2	2	2	2	2	2	2	2	2	2	2	2	2	2	2
223	2	2	2	2	2	2	2	2	2	2	2	2	2	2	2
224	2	2	2	2	2	2	2	2	2	2	2	2	2	2	2
225	2	2	2	2	2	2	2	2	2	2	2	2	2	2	2
226	2	2	2	2	2	2	2	2	2	2	2	2	2	2	2
227	2	2	2	2	2	2	2	2	2	2	2	2	2	2	2
228	2	2	2	2	2	2	2	2	2	2	2	2	2	2	2
229	2	2	2	2	2	2	2	2	2	2	2	2	2	2	2
230	2	2	2	2	2	2	2	2	2	2	2	2	2	2	2
231	2	2	2	2	2	2	2	2	2	2	2	2	2	2	2
232	2	2	2	2	2	2	2	2	2	2	2	2	2	2	2
233	2	2	2	2	2	2	2	2	2	2	2	2	2	2	2
234	2	2	2	2	2	2	2	2	2	2	2	2	2	2	2
235	2	2	2	2	2	2	2	2	2	2	2	2	2	2	2
236	2	2	2	2	2	2	2	2	2	2	2	2	2	2	2
237	2	2	2	2	2	2	2	2	2	2	2	2	2	2	2
238	2	2	2	2	2	2	2	2	2	2	2	2	2	2	2
239	2	2	2	2	2	2	2	2	2	2	2	2	2	2	2
240	2	2	2	2	2	2	2	2	2	2	2	2	2	2	2
241	2	2	2	2	2	2	2	2	2	2	2	2	2	2	2
242	2	2	2	2	2	2	2	2	2	2	2	2	2	2	2
243	2	2	2	2	2	2	2	2	2	2	2	2	2	2	2
244	2	2	2	2	2	2	2	2	2	2	2	2	2	2	2
245	2	2	2	2	2	2	2	2	2	2	2	2	2	2	2
246	2	2	2	2	2	2	2	2	2	2	2	2	2	2	2
247	2	2	2	2	2	2	2	2	2	2	2	2	2	2	2
248	2	2	2	2	2	2	2	2	2	2	2	2	2	2	2
249	2	2	2	2	2	2	2	2	2	2	2	2	2	2	2
250	2	2	2	2	2	2	2	2	2	2	2	2	2	2	2
251	2	2	2	2	2	2	2	2	2	2	2	2	2	2	2
252	2	2	2	2	2	2	2	2	2	2	2	2	2	2	2
253	2	2	2	2	2	2	2	2	2	2	2	2	2	2	2
254	2	2	2	2	2	2	2	2	2	2	2	2	2	2	2
255	2	2	2	2	2	2	2	2	2	2	2	2	2	2	2
256	2	3	2	2	2	2	2	2	2	2	2	2	2	2	2
257	2	3	2	2	2	2	2	2	2	2	2	2	2	2	2
258	2	3	2	2	2	2	2	2	2	2	2	2	2	2	2
259	2	3	2	2	2	2	2	2	2	2	2	2	2	2	2
260	2	3	2	2	2	2	2	2	2	2	2	2	2	2	2
261	2	3	2	2	2	2	2	2	2	2	2	2	2	2	2
262	2	3	2	2	2	2	2	2	2	2	2	2	2	2	2
263	2	3	2	2	2	2	2	2	2	2	2	2	2	2	2
264	2	3	2	2	2	2	2	2	2	2	2	2	2	2	2
265	2	3	2	2	2	2	2	2	2	2	2	2	2	2	2
266	2	3	2	2	2	2	2	2	2	2	2	2	2	2	2
267	2	3	2	2	2	2	2	2	2	2	2	2	2	2	2
268	2	3	2	2	2	2	2	2	2	2	2	2	2	2	2
269	2	3	2	2	2	2	2	2	2	2	2	2	2	2	2
270	2	3	2	2	2	2	2	2	2	2	2	2	2	2	2
271	2	3	2	2	2	2	2	2	2	2	2	2	2	2	2
272	2	3	2	2	2	2	2	2	2	2	2	2	2	2	2
273	2	3	2	2	2	2	2	2	2	2	2	2	2	2	2
274	2	3	2	2	2	2	2	2	2	2	2	2	2	2	2
275	2	3	2	2	2	2	2	2	2	2	2	2	2	2	2
276	2	3	2	2	2	2	2	2	2	2	2	2	2	2	2
277	2	3	2	2	2	2	2	2	2	2	2	2	2	2	2
278	2	3	2	2	2	2	2	2	2	2	2	2	2	2	2
279	2	3	2	2	2	2	2	2	2	2	2	2	2	2	2
280	2	3	2	2	2	2	2	2	2	2	2	2	2	2	2
281	2	3	2	2	2	2	2	2	2	2	2	2	2	2	2
282	2	3	2	2	2	2	2	2	2	2	2	2	2	2	2
283	2	3	2	2	2	2	2	2	2	2	2	2	2	2	2
284	2	3	2	2	2	2	2	2	2	2	2	2	2	2	2
285	3	4	2	2	2	2	2	2	2	2	4	2	2	4	2
286	3	4	2	2	2	2	2	2	2	2	4	2	2	4	2
287	3	4	2	2	2	2	2	2	2	2	4	2	2	4	2
288	3	4	2	2	2	2	2	2	2	2	4	2	2	4	2
289	3	4	2	2	2	2	2	2	2	2	4	2	2	4	2
290	3	4	2	2	2	2	2	2	2	2	4	2	2	4	2
291	3	4	2	2	2	2	2	2	2	2	4	2	2	4	2
292	3	4	2	2	2	2	2	2	2	2	4	2	2	4	2
293	3	4	2	2	2	2	2	2	2	2	4	2	2	4	2
294	3	4	2	2	2	2	2	2	2	2	4	2	2	4	2
295	3	4	2	2	2	2	2	2	2	2	4	2	2	4	2
296	3	4	2	2	2	2	2	2	2	2	4	2	2	4	2
297	3	4	2	2	2	2	2	2	2	2	4	2	2	4	2
298	3	4	2	2	2	2	2	2	2	2	4	2	2	4	2
299	3	4	2	2	2	2	2	2	2	2	4	2	2	4	2
300	3	4	2	2	2	2	2	2	2	2	4	2	2	4	2
301	3	4	2	2	2	2	2	2	2	2	4	2	2	4	2
302	3	4	2	2	2	2	2	2	2	2	4	2	2	4	2
303	3	4	2	2	2	2	2	2	2	2	4	2	2	4	2
304	3	4	2	2	2	2	2	2	2	2	4	2	2	4	2
305	2	3	2	2	2	2	2	2	2	2	2	2	4	2	2
306	2	3	2	2	2	2	2	2	2	2	2	2	4	2	2
307	2	3	2	2	2	2	2	2	2	2	2	2	4	2	2
308	2	3	2	2	2	2	2	2	2	2	2	2	4	2	2
309	2	3	2	2	2	2	2	2	2	2	2	2	4	2	2
310	2	3	2	2	2	2	2	2	2	2	2	2	4	2	2
311	2	3	2	2	2	2	2	2	2	2	2	2	4	2	2
312	2	3	2	2	2	2	2	2	2	2	2	2	4	2	2
313	2	3	2	2	2	2	2	2	2	2	2	2	4	2	2
314	2	3	2	2	2	2	2	2	2	2	2	2	4	2	2
315	2	3	2	2	2	2	2	2	2	2	2	2	4	2	2
316	2	3	2	2	2	2	2	2	2	2	2	2	4	2	2
317	2	3	2	2	2	2	2	2	2	2	2	2	4	2	2
318	2	3	2	2	2	2	2	2	2	2	2	2	4	2	2
319	2	3	2	2	2	2	2	2	2	2	2	2	4	2	2
320	2	3	2	2	2	2	2	2	2	2	2	2	4	2	2
321	2	3	2	2	2	2	2	2	2	2	2	2	4	2	2
322	2	3	2	2	2	2	2	2	2	2	2	2	4	2	2
323	2	3	2	2	2	2	2	2	2	2	2	2	4	2	2
324	2	3	2	2	2	2	2	2	2	2	2	2	4	2	2
325	2	3	2	2	2	2	2	2	2	2	2	2	4	2	2
326	2	3	2	2	2	2	2	2	2	2	2	2	4	2	2
327	2	3	2	2	2	2	2	2	2	2	2	2	4	2	2
328	2	2	2	2	2	2	2	2	2	2	2	2	2	2	2
329	2	2	2	2	2	2	2	2	2	2	2	2	2	2	2
330	2	2	2	2	2	2	2	2	2	2	2	2	2	2	2
331	2	2	2	2	2	2	2	2	2	2	2	2	2	2	2
332	2	2	2	2	2	2	2	2	2	2	2	2	2	2	2
333	2	2	2	2	2	2	2	2	2	2	2	2	2	2	2
334	2	2	2	2	2	2	2	2	2	2	2	2	2	2	2
335	2	2	2	2	2	2	2	2	2	2	2	2	2	2	2
336	2	2	2	2	2	2	2	2	2	2	2	2	2	2	2
337	2	2	2	2	2	2	2	2	2	2	2	2	2	2	2
338	2	2	2	2	2	2	2	2	2	2	2	2	2	2	2
339	2	2	2	2	2	2	2	2	2	2	2	2	2	2	2
340	2	2	2	2	2	2	2	2	2	2	2	2	2	2	2
341	2	2	2	2	2	2	2	2	2	2	2	2	2	2	2
342	2	2	2	2	2	2	2	2	2	2	2	2	2	2	2
343	2	2	2	2	2	2	2	2	2	2	2	2	2	2	2
344	2	2	2	2	2	2	2	2	2	2	2	2	2	2	2
345	2	2	2	2	2	2	2	2	2	2	2	2	2	2	2
346	2	2	2	2	2	2	2	2	2	2	2	2	2	2	2
347	2	2	2	2	2	2	2	2	2	2	2	2	2	2	2
348	2	2	2	2	2	2	2	2	2	2	2	2	2	2	2
349	2	2	2	2	2	2	2	2	2	2	2	2	2	2	2
350	2	2	2	2	2	2	2	2	2	2	2	2	2	2	2
351	2	2	2	2	2	2	2	2	2	2	2	2	2	2	2
352	2	2	2	2	2	2	2	2	2	2	2	2	2	2	2
353	2	2	2	2	2	2	2	2	2	2	2	2	2	2	2
354	2	2	2	2	2	2	2	2	2	2	2	2	2	2	2
355	2	2	2	2	2	2	2	2	2	2	2	2	2	2	2
356	2	2	2	2	2	2	2	2	2	2	2	2	2	2	2
357	2	2	2	2	2	2	2	2	2	2	2	2	2	2	2
358	2	2	2	2	2	2	2	2	2	2	2	2	2	2	2
359	2	2	2	2	2	2	2	2	2	2	2	2	2	2	2
360	2	2	2	2	2	2	2	2	2	2	2	2	2	2	2
361	2	3	2	2	2	2	2	2	2	2	2	2	2	2	2
362	2	3	2	2	2	2	2	2	2	2	2	2	2	2	2
363	2	3	2	2	2	2	2	2	2	2	2	2	2	2	2
364	2	3	2	2	2	2	2	2	2	2	2	2	2	2	2
365	2	3	2	2	2	2	2	2	2	2	2	2	2	2	2
366	2	3	2	2	2	2	2	2	2	2	2	2	2	2	2
367	2	3	2	2	2	2	2	2	2	2	2	2	2	2	2
368	2	3	2	2	2	2	2	2	2	2	2	2	2	2	2
369	2	3	2	2	2	2	2	2	2	2	2	2	2	2	2
370	2	3	2	2	2	2	2	2	2	2	2	2	2	2	2
371	2	3	2	2	2	2	2	2	2	2	2	2	2	2	2
372	2	3	2	2	2	2	2	2	2	2	2	2	2	2	2
373	2	3	2	2	2	2	2	2	2	2	2	2	2	2	2
374	2	3	2	2	2	2	2	2	2	2	2	2	2	2	2
375	2	3	2	2	2	2	2	2	2	2	2	2	2	2	2
376	2	3	2	2	2	2	2	2	2	2	2	2	2	2	2
377	2	3	2	2	2	2	2	2	2	2	2	2	2	2	2
378	2	3	2	2	2	2	2	2	2	2	2	2	2	2	2
379	2	3	2	2	2	2	2	2	2	2	2	2	2	2	2
380	2	3	2	2	2	2	2	2	2	2	2	2	2	2	2
381	2	3	2	2	2	2	2	2	2	2	2	2	2	2	2
382	2	3	2	2	2	2	2	2	2	2	2	2	2	2	2
383	2	3	2	2	2	2	2	2	2	2	2	2	2	2	2
384	2	3	2	2	2	2	2	2	2	2	2	2	2	2	2
385	2	3	2	2	2	2	2	2	2	2	2	2	2	2	2
386	2	3	2	2	2	2	2	2	2	2	2	2	2	2	2
387	2	3	2	2	2	2	2	2	2	2	2	2	2	2	2
388	2	3	2	2	2	2	2	2	2	2	2	2	2	2	2
389	2	3	2	2	2	2	2	2	2	2	2	2	2	2	2
390	2	3	2	2	2	2	2	2	2	2	2	2	2	2	2
391	2	3	2	2	2	2	2	2	2	2	2	2	2	2	2
392	2	3	2	2	2	2	2	2	2	2	2	2	2	2	2
393	2	3	2	2	2	2	2	2	2	2	2	2	2	2	2
394	2	3	2	2	2	2	2	2	2	2	2	2	2	2	2
395	2	3	2	2	2	2	2	2	2	2	2	2	2	2	2
396	2	3	2	2	2	2	2	2	2	2	2	2	2	2	2
397	2	3	2	2	2	2	2	2	2	2	2	2	2	2	2
398	2	3	2	2	2	2	2	2	2	2	2	2	2	2	2
399	2	3	2	2	2	2	2	2	2	2	2	2	2	2	2
400	2	3	2	2	2	2	2	2	2	2	2	2	2	2	2
401	2	3	2	2	2	2	2	2	2	2	2	2	2	2	2
402	2	3	2	2	2	2	2	2	2	2	2	2	2	2	2
403	2	3	2	2	2	2	2	2	2	2	2	2	2	2	2
404	2	3	2	2	2	2	2	2	2	2	2	2	2	2	2
405	2	3	2	2	2	2	2	2	2	2	2	2	2	2	2
406	2	3	2	2	2	2	2	2	2	2	2	2	2	2	2
407	2	3	2	2	2	2	2	2	2	2	2	2	2	2	2
408	2	3	2	2	2	2	2	2	2	2	2	2	2	2	2
409	2	3	2	2	2	2	2	2	2	2	2	2	2	2	2
410	2	3	2	2	2	2	2	2	2	2	2	2	2	2	2
411	2	3	2	2	2	2	2	2	2	2	2	2	2	2	2
412	2	3	2	2	2	2	2	2	2	2	2	2	2	2	2
413	2	3	2	2	2	2	2	2	2	2	2	2	2	2	2
414	2	3	2	2	2	2	2	2	2	2	2	2	2	2	2
415	2	3	2	2	2	2	2	2	2	2	2	2	2	2	2
416	2	3	2	2	2	2	2	2	2	2	2	2	2	2	2
417	2	3	2	2	2	2	2	2	2	2	2	2	2	2	2
418	2	3	2	2	2	2	2	2	2	2	2	2	2	2	2
419	2	3	2	2	2	2	2	2	2	2	2	2	2	2	2
420	2	3	2	2	2	2	2	2	2	2	2	2	2	2	2
421	2	3	2	2	2	2	2	2	2	2	2	2	2	2	2
422	2	3	2	2	2	2	2	2	2	2	2	2	2	2	2
423	2	3	2	2	2	2	2	2	2	2	2	2	2	2	2
424	2	3	2	2	2	2	2	2	2	2	2	2	2	2	2
425	2	3	2	2	2	2	2	2	2	2	2	2	2	2	2
426	2	2	2	2	2	2	2	2	2	2	2	2	2	2	2
427	2	2	2	2	2	2	2	2	2	2	2	2	2	2	2
428	2	2	2	2	2	2	2	2	2	2	2	2	2	2	2
429	2	2	2	2	2	2	2	2	2	2	2	2	2	2	2
430	2	2	2	2	2	2	2	2	2	2	2	2	2	2	2
431	2	2	2	2	2	2	2	2	2	2	2	2	2	2	2
432	2	2	2	2	2	2	2	2	2	2	2	2	2	2	2
433	2	2	2	2	2	2	2	2	2	2	2	2	2	2	2
434	2	2	2	2	2	2	2	2	2	2	2	2	2	2	2
435	2	2	2	2	2	2	2	2	2	2	2	2	2	2	2
436	2	2	2	2	2	2	2	2	2	2	2	2	2	2	2
437	2	2	2	2	2	2	2	2	2	2	2	2	2	2	2
438	2	2	2	2	2	2	2	2	2	2	2	2	2	2	2
439	2	2	2	2	2	2	2	2	2	2	2	2	2	2	2
440	2	2	2	2	2	2	2	2	2	2	2	2	2	2	2
441	2	2	2	2	2	2	2	2	2	2	2	2	2	2	2
442	2	2	2	2	2	2	2	2	2	2	2	2	2	2	2
443	2	2	2	2	2	2	2	2	2	2	2	2	2	2	2
444	2	2	2	2	2	2	2	2	2	2	2	2	2	2	2
445	2	2	2	2	2	2	2	2	2	2	2	2	2	2	2
446	2	2	2	2	2	2	2	2	2	2	2	2	2	2	2
447	2	2	2	2	2	2	2	2	2	2	2	2	2	2	2
448	2	2	2	2	2	2	2	2	2	2	2	2	2	2	2
449	2	2	2	2	2	2	2	2	2	2	2	2	2	2	2
450	2	2	2	2	2	2	2	2	2	2	2	2	2	2	2
451	2	2	2	2	2	2	2	2	2	2	2	2	2	2	2
452	3	2	2	2	2	2	2	2	2	2	2	2	2	2	2
453	3	2	2	2	2	2	2	2	2	2	2	2	2	2	2
454	3	2	2	2	2	2	2	2	2	2	2	2	2	2	2
455	3	2	2	2	2	2	2	2	2	2	2	2	2	2	2
456	3	2	2	2	2	2	2	2	2	2	2	2	2	2	2
457	3	2	2	2	2	2	2	2	2	2	2	2	2	2	2
458	3	2	2	2	2	2	2	2	2	2	2	2	2	2	2
459	3	2	2	2	2	2	2	2	2	2	2	2	2	2	2
460	3	2	2	2	2	2	2	2	2	2	2	2	2	2	2
461	3	2	2	2	2	2	2	2	2	2	2	2	2	2	2
462	3	2	2	2	2	2	2	2	2	2	2	2	2	2	2
463	3	2	2	2	2	2	2	2	2	2	2	2	2	2	2
464	3	2	2	2	2	2	2	2	2	2	2	2	2	2	2
465	3	2	2	2	2	2	2	2	2	2	2	2	2	2	2
466	3	2	2	2	2	2	2	2	2	2	2	2	2	2	2
467	3	2	2	2	2	2	2	2	2	2	2	2	2	2	2
468	3	2	2	2	2	2	2	2	2	2	2	2	2	2	2
469	3	2	2	2	2	2	2	2	2	2	2	2	2	2	2
470	3	2	2	2	2	2	2	2	2	2	2	2	2	2	2
471	3	2	2	2	2	2	2	2	2	2	2	2	2	2	2
472	3	2	2	2	2	2	2	2	2	2	2	2	2	2	2
473	3	2	2	2	2	2	2	2	2	2	2	2	2	2	2
474	3	2	2	2	2	2	2	2	2	2	2	2	2	2	2
475	3	2	2	2	2	2	2	2	2	2	2	2	2	2	2
476	3	3	3	3	4	4	3	2	2	2	2	2	2	2	2
477	3	3	3	3	4	4	3	2	2	2	2	2	2	2	2
478	3	4	4	4	4	4	3	2	2	2	2	2	2	2	2
479	3	4	4	4	4	4	3	2	2	2	2	2	2	2	2
480	3	4	4	4	4	4	3	2	2	2	2	2	2	2	2
481	3	4	4	4	4	4	3	2	2	2	2	2	2	2	2
482	3	4	4	4	4	4	3	2	2	2	2	2	2	2	2
483	3	4	4	4	4	4	3	2	2	2	2	2	2	2	2
484	3	4	4	4	4	4	3	2	2	2	2	2	2	2	2
485	3	4	4	4	4	4	3	2	2	2	2	2	2	2	2
486	3	4	4	4	4	4	3	2	2	2	2	2	2	2	2
487	3	4	4	4	4	4	3	2	2	2	2	2	2	2	2
488	3	4	4	4	4	4	3	2	2	2	2	2	2	2	2
489	3	3	3	3	4	4	3	2	2	2	2	2	2	2	2
490	3	3	3	3	4	4	3	2	2	2	2	2	2	2	2
491	3	4	4	4	4	4	3	2	2	2	2	2	2	2	2
492	3	3	3	3	4	4	3	2	2	2	2	2	2	2	2
493	3	4	4	4	4	4	3	2	2	2	2	2	2	2	2
494	3	4	4	4	4	4	3	2	2	2	2	2	2	2	2
495	3	3	3	3	4	4	3	2	2	2	2	2	2	2	2
496	3	4	4	4	4	4	3	2	2	2	2	2	2	2	2
497	3	4	4	4	4	4	3	2	2	2	2	2	2	2	2
498	2	2	2	2	2	2	2	2	2	2	2	2	2	2	2
499	2	2	2	2	2	2	2	2	2	2	2	2	2	2	2
500	2	2	2	2	2	2	2	2	2	2	2	2	2	2	2
501	2	2	2	2	2	2	2	2	2	2	2	2	2	2	2
502	2	2	2	2	2	2	2	2	2	2	2	2	2	2	2
503	2	2	2	2	2	2	2	2	2	2	2	2	2	2	2
504	2	2	2	2	2	2	2	2	2	2	2	2	2	2	2
505	2	2	2	2	2	2	2	2	2	2	2	2	2	2	2
506	2	2	2	2	2	2	2	2	2	2	2	2	2	2	2
507	2	2	2	2	2	2	2	2	2	2	2	2	2	2	2
508	2	2	2	2	2	2	2	2	2	2	2	2	2	2	2
509	2	2	2	2	2	2	2	2	2	2	2	2	2	2	2
510	2	2	2	2	2	2	2	2	2	2	2	2	2	2	2
511	2	2	2	2	2	2	2	2	2	2	2	2	2	2	2
512	2	2	2	2	2	2	2	2	2	2	2	2	2	2	2
513	2	2	2	2	2	2	2	2	2	2	2	2	2	2	2
514	2	2	2	2	2	2	2	2	2	2	2	2	2	2	2
515	2	2	2	2	2	2	2	2	2	2	2	2	2	2	2
516	2	2	2	2	2	2	2	2	2	2	2	2	2	2	2
517	2	2	2	2	2	2	2	2	2	2	2	2	2	2	2
518	2	2	2	2	2	2	2	2	2	2	2	2	2	2	2
519	2	2	2	2	2	2	2	2	2	2	2	2	2	2	2
520	2	2	2	2	2	2	2	2	2	2	2	2	2	2	2
521	2	2	2	2	2	2	2	2	2	2	2	2	2	2	2
522	4	2	2	2	2	2	2	2	2	2	4	2	2	2	2
523	4	2	2	2	2	2	2	2	2	2	4	2	2	2	2
524	4	2	2	2	2	2	2	2	2	2	4	2	2	2	2
525	4	2	2	2	2	2	2	2	2	2	4	2	2	2	2
526	4	2	2	2	2	2	2	2	2	2	4	2	2	2	2
527	4	2	2	2	2	2	2	2	2	2	4	2	2	2	2
528	4	2	2	2	2	2	2	2	2	2	4	2	2	2	2
529	4	2	2	2	2	2	2	2	2	2	4	2	2	2	2
530	4	2	2	2	2	2	2	2	2	2	4	2	2	2	2
531	4	2	2	2	2	2	2	2	2	2	4	2	2	2	2
532	4	2	2	2	2	2	2	2	2	2	4	2	2	2	2
533	4	2	2	2	2	2	2	2	2	2	4	2	2	2	2
534	4	2	2	2	2	2	2	2	2	2	4	2	2	2	2
535	4	2	2	2	2	2	2	2	2	2	4	2	2	2	2
536	4	2	2	2	2	2	2	2	2	2	4	2	2	2	2
537	4	2	2	2	2	2	2	2	2	2	4	2	2	2	2
538	4	2	2	2	2	2	2	2	2	2	4	2	2	2	2
539	4	2	2	2	2	2	2	2	2	2	4	2	2	2	2
540	4	2	2	2	2	2	2	2	2	2	4	2	2	2	2
541	4	2	2	2	2	2	2	2	2	2	4	2	2	2	2
542	4	2	2	2	2	2	2	2	2	2	4	2	2	2	2
543	4	2	2	2	2	2	2	2	2	2	4	2	2	2	2
544	4	2	2	2	2	2	2	2	2	2	4	2	2	2	2
545	4	2	2	2	2	2	2	2	2	2	4	2	2	2	2
546	4	2	2	2	2	2	2	2	2	2	4	2	2	2	2
547	2	2	2	2	2	2	2	2	2	2	2	2	2	2	2
548	2	2	2	2	2	2	2	2	2	2	2	2	2	2	2
549	2	2	2	2	2	2	2	2	2	2	2	2	2	2	2
550	2	2	2	2	2	2	2	2	2	2	2	2	2	2	2
551	2	2	2	2	2	2	2	2	2	2	2	2	2	2	2
552	2	2	2	2	2	2	2	2	2	2	2	2	2	2	2
553	2	2	2	2	2	2	2	2	2	2	2	2	2	2	2
554	2	2	2	2	2	2	2	2	2	2	2	2	2	2	2
555	2	2	2	2	2	2	2	2	2	2	2	2	2	2	2
556	2	2	2	2	2	2	2	2	2	2	2	2	2	2	2
557	2	2	2	2	2	2	2	2	2	2	2	2	2	2	2
558	2	2	2	2	2	2	2	2	2	2	2	2	2	2	2
559	2	2	2	2	2	2	2	2	2	2	2	2	2	2	2
560	2	2	2	2	2	2	2	2	2	2	2	2	2	2	2
561	2	2	2	2	2	2	2	2	2	2	2	2	2	2	2
562	2	2	2	2	2	2	2	2	2	2	2	2	2	2	2
563	2	2	2	2	2	2	2	2	2	2	2	2	2	2	2
564	2	2	2	2	2	2	2	2	2	2	2	2	2	2	2
565	2	2	2	2	2	2	2	2	2	2	2	2	2	2	2
566	2	2	2	2	2	2	2	2	2	2	2	2	2	2	2
567	2	2	2	2	2	2	2	2	2	2	2	2	2	2	2
568	2	2	2	2	2	2	2	2	2	2	2	2	2	2	2
569	2	2	2	2	2	2	2	2	2	2	2	2	2	2	2
570	2	2	2	2	2	2	2	2	2	2	2	2	2	2	2
571	2	2	2	2	2	2	2	2	2	2	2	2	2	2	2
572	2	2	2	2	2	2	2	2	2	2	2	2	2	2	2
573	2	2	2	2	2	2	2	2	2	2	2	2	2	2	2
574	2	2	2	2	2	2	2	2	2	2	2	2	2	2	2
575	2	2	2	2	2	2	2	2	2	2	2	2	2	2	2
576	2	3	2	2	2	2	2	2	2	2	2	2	2	2	2
577	2	3	2	2	2	2	2	2	2	2	2	2	2	2	2
578	2	3	2	2	2	2	2	2	2	2	2	2	2	2	2
579	2	3	2	2	2	2	2	2	2	2	2	2	2	2	2
580	2	3	2	2	2	2	2	2	2	2	2	2	2	2	2
581	2	0	0	3	0	0	0	0	0	0	0	0	0	0	2
582	2	0	0	2	0	0	0	0	0	0	0	0	0	0	2
583	2	3	2	2	2	2	2	2	2	2	2	2	2	2	2
584	2	3	2	2	2	2	2	2	2	2	2	2	2	2	2
585	2	3	2	2	2	2	2	2	2	2	2	2	2	2	2
586	2	3	2	2	2	2	2	2	2	2	2	2	2	2	2
587	2	0	0	3	0	0	0	0	0	0	0	0	0	0	2
588	2	0	0	2	0	0	0	0	0	0	0	0	0	0	2
589	2	3	2	2	2	2	2	2	2	2	2	2	2	2	2
590	2	3	2	2	2	2	2	2	2	2	2	2	2	2	2
591	2	3	2	2	2	2	2	2	2	2	2	2	2	2	2
592	2	0	0	1	0	0	0	0	0	0	0	0	0	0	2
593	2	3	2	2	2	2	2	2	2	2	2	2	2	2	2
594	2	3	2	2	2	2	2	2	2	2	2	2	2	2	2
595	2	3	2	2	2	2	2	2	2	2	2	2	2	2	2
596	2	3	2	2	2	2	2	2	2	2	2	2	2	2	2
597	2	0	0	2	0	0	0	0	0	0	0	0	0	0	2
598	2	0	0	2	0	0	0	0	0	0	0	0	0	0	2
599	2	3	2	2	2	2	2	2	2	2	2	2	2	2	2
600	2	3	2	2	2	2	2	2	2	2	2	2	2	2	2
601	2	3	2	2	2	2	2	2	2	2	2	2	2	2	2
602	2	3	2	2	2	2	2	2	2	2	2	2	2	2	2
603	2	3	2	2	2	2	2	2	2	2	2	2	2	2	2
604	2	3	2	2	2	2	2	2	2	2	2	2	2	2	2
605	2	3	2	2	2	2	2	2	2	2	2	2	2	2	2
606	2	3	2	2	2	2	2	2	2	2	2	2	2	2	2
607	3	3	2	2	2	2	2	2	2	2	2	2	2	2	2
608	2	0	0	3	0	0	0	0	0	0	0	0	0	0	2
609	2	0	0	2	0	0	0	0	0	0	0	0	0	0	2
610	2	0	0	2	0	0	0	0	0	0	0	0	0	0	2
611	2	0	0	2	0	0	0	0	0	0	0	0	0	0	2
612	2	3	2	2	2	2	2	2	2	2	2	2	2	2	2
613	2	3	2	2	2	2	2	2	2	2	2	2	2	2	2
614	3	3	4	4	4	4	4	3	4	4	4	4	4	4	4
615	2	3	4	4	4	4	4	3	4	4	4	4	4	4	4
616	2	3	4	4	4	4	4	3	4	4	4	4	4	4	4
617	3	3	4	4	4	4	4	3	4	4	4	4	4	4	4
618	2	3	4	4	4	4	4	3	4	4	4	4	4	4	4
619	2	3	4	4	4	4	4	3	4	4	4	4	4	4	4
620	3	3	4	4	4	4	4	3	4	4	4	4	4	4	4
621	3	3	4	4	4	4	4	3	4	4	4	4	4	4	4
622	3	3	4	4	4	4	4	3	4	4	4	4	4	4	4
623	3	3	4	4	4	4	4	3	4	4	4	4	4	4	4
624	3	1	4	4	4	4	4	3	4	4	4	4	4	4	4
625	3	3	4	4	4	4	4	3	4	4	4	4	4	4	4
626	2	3	3	4	4	4	2	4	3	4	2	4	4	4	4
627	2	4	4	4	4	4	2	4	3	4	2	4	4	4	4
628	2	4	4	4	4	4	2	4	3	4	2	4	4	4	4
629	2	4	4	4	4	4	2	4	3	4	2	4	4	4	4
630	2	4	4	4	4	4	2	4	3	4	2	4	4	4	4
631	2	3	3	4	4	4	2	4	3	4	2	4	4	4	4
632	2	4	4	4	4	4	2	4	3	4	2	4	4	4	4
633	2	4	4	4	4	4	2	4	3	4	2	4	4	4	4
634	2	4	4	4	4	4	2	4	3	4	2	4	4	4	4
635	2	4	4	4	4	4	2	4	3	4	2	4	4	4	4
636	2	4	4	4	4	4	2	4	3	4	2	4	4	4	4
637	2	4	4	4	4	4	2	4	3	4	2	4	4	4	4
638	2	4	4	4	4	4	2	4	3	4	2	4	4	4	4
639	2	4	4	4	4	4	2	4	3	4	2	4	4	4	4
640	2	4	4	4	4	4	2	4	3	4	2	4	4	4	4
641	2	4	4	4	4	4	2	4	3	4	2	4	4	4	4
642	2	4	4	4	4	4	2	4	3	4	2	4	4	4	4
643	2	3	3	4	4	4	2	4	3	4	2	4	4	4	4
644	2	4	4	4	4	4	4	4	4	4	4	4	4	4	4
645	2	4	4	4	4	4	4	4	4	4	4	4	4	4	4
646	2	4	4	4	4	4	4	4	4	4	4	4	4	4	4
647	2	4	4	4	4	4	4	4	4	4	4	4	4	4	4
648	2	4	4	4	4	4	4	4	4	4	4	4	4	4	4
649	2	4	4	4	4	4	4	4	4	4	4	4	4	4	4
650	2	4	4	4	4	4	4	4	4	4	4	4	4	4	4
651	2	4	4	4	4	4	4	4	4	4	4	4	4	4	4
652	2	4	4	4	4	4	4	4	4	4	4	4	4	4	4
653	2	4	4	4	4	4	4	4	4	4	4	4	4	4	4
654	2	4	4	4	4	4	4	4	4	4	4	4	4	4	4
655	2	4	4	4	4	4	4	4	4	4	4	4	4	4	4
656	2	4	4	4	4	4	4	4	4	4	4	4	4	4	4
657	2	4	4	4	4	4	4	4	4	4	4	4	4	4	4
658	2	4	4	4	4	4	4	4	4	4	4	4	4	4	4
659	3	4	4	4	4	4	3	4	4	4	4	4	4	4	4
660	3	4	4	4	4	4	3	4	4	4	4	4	4	4	4
661	3	4	4	4	4	4	3	4	4	4	4	4	4	4	4
662	3	4	4	4	4	4	3	4	4	4	4	4	4	4	4
663	3	4	4	4	4	4	3	4	4	4	4	4	4	4	4
664	3	4	4	4	4	4	3	4	4	4	4	4	4	4	4
665	3	3	3	4	3	4	4	3	3	3	4	4	4	4	4
666	3	3	3	4	3	4	4	3	3	3	4	4	4	4	4
667	3	3	3	4	3	4	4	3	3	3	4	4	4	4	4
668	3	3	3	4	3	4	4	3	3	3	4	4	4	4	4
669	3	4	4	4	4	4	3	4	4	4	4	4	4	4	4
670	3	3	3	4	3	4	4	3	3	3	4	4	4	4	4
671	3	4	4	4	4	4	3	4	4	4	4	4	4	4	4
672	2	3	4	3	3	3	4	4	3	4	4	4	3	4	4
673	2	3	4	3	3	3	4	4	3	4	4	4	3	4	4
674	2	3	4	3	3	3	4	4	3	4	4	4	3	4	4
675	2	3	4	3	3	3	4	4	3	4	4	4	3	4	4
676	2	3	4	3	3	3	4	4	3	4	4	4	3	4	4
677	2	3	4	3	3	3	4	4	3	4	4	4	3	4	4
678	2	3	4	3	3	3	4	4	3	4	4	4	3	4	4
679	2	4	4	4	4	4	4	4	4	4	4	4	4	3	4
680	2	4	4	4	4	4	4	4	4	4	4	4	4	3	4
681	2	4	4	4	4	4	4	4	4	4	4	4	4	3	4
682	2	4	4	4	4	4	4	4	4	4	4	4	4	3	4
683	2	4	4	4	4	4	4	4	4	4	4	4	4	3	4
684	2	4	4	4	4	4	4	4	4	4	4	4	4	3	4
685	2	4	4	4	4	4	4	4	4	4	4	4	4	3	4
686	2	4	4	4	4	4	4	4	4	4	4	4	4	3	4
687	2	4	4	4	4	4	4	4	4	4	4	4	4	3	4
688	2	4	4	4	4	4	4	4	4	4	4	4	4	3	4
689	2	4	4	4	4	4	4	4	4	4	4	4	4	3	4
690	2	4	4	4	4	4	4	4	4	4	4	4	4	3	4
691	2	4	4	4	4	4	4	4	4	4	4	4	4	3	4
692	2	1	1	4	4	4	4	4	4	4	4	4	4	3	4
693	3	3	3	4	3	3	4	4	4	4	4	3	3	4	4
694	2	3	3	3	3	3	4	4	4	4	4	3	3	4	4
695	2	3	3	3	3	3	4	4	4	4	4	3	3	4	4
696	3	3	3	4	3	3	4	4	4	4	4	3	3	4	4
697	3	3	3	4	3	3	4	4	4	4	4	3	3	4	4
698	3	4	4	2	2	2	2	2	2	2	2	4	4	2	4
699	3	3	4	2	2	2	2	2	2	2	2	4	4	2	4
700	3	4	4	2	2	2	2	2	2	2	2	4	4	2	4
701	3	4	4	2	2	2	2	2	2	2	2	4	4	2	4
702	3	3	4	2	2	2	2	2	2	2	2	4	4	2	4
703	3	3	4	2	2	2	2	2	2	2	2	4	4	2	4
704	3	3	4	2	2	2	2	2	2	2	2	4	4	2	4
705	3	3	4	2	2	2	2	2	2	2	2	4	4	2	4
706	3	3	4	2	2	2	2	2	2	2	2	4	4	2	4
707	3	3	4	2	2	2	2	2	2	2	2	4	4	2	4
708	3	3	4	2	2	2	2	2	2	2	2	4	4	2	4
709	3	4	4	2	2	2	2	2	2	2	2	4	4	2	4
710	3	3	4	2	2	2	2	2	2	2	2	4	4	2	4
711	3	4	4	2	2	2	2	2	2	2	2	4	4	2	4
712	3	4	4	2	2	2	2	2	2	2	2	4	4	2	4
713	3	3	4	2	2	2	2	2	2	2	2	4	4	2	4
714	3	3	4	2	2	2	2	2	2	2	2	4	4	2	4
715	3	4	4	2	2	2	2	2	2	2	2	4	4	2	4
716	3	3	4	2	2	2	2	2	2	2	2	4	4	2	4
717	2	4	4	3	4	4	3	4	4	4	4	4	4	4	4
718	2	4	4	3	4	4	3	4	4	4	4	4	4	4	4
719	2	4	4	3	4	4	3	4	4	4	4	4	4	4	4
720	2	4	4	3	4	4	3	4	4	4	4	4	4	4	4
721	2	4	4	3	4	4	3	4	4	4	4	4	4	4	4
722	2	4	4	3	4	4	3	4	4	4	4	4	4	4	4
723	1	1	1	1	1	4	3	4	4	4	4	4	4	4	4
724	2	4	4	3	4	4	3	4	4	4	4	4	4	4	4
725	2	4	4	3	4	4	3	4	4	4	4	4	4	4	4
726	2	4	4	3	4	4	3	4	4	4	4	4	4	4	4
727	2	4	2	2	2	2	2	4	2	4	2	2	2	4	4
728	2	4	2	2	2	2	2	4	2	4	2	2	2	4	4
729	2	4	2	2	2	2	2	4	2	4	2	2	2	4	4
730	2	4	2	2	2	2	2	4	2	4	2	2	2	4	4
731	2	4	2	2	2	2	2	4	2	4	2	2	2	4	4
732	2	4	2	2	2	2	2	4	2	4	2	2	2	4	4
733	2	4	2	2	2	2	2	4	2	4	2	2	2	4	4
734	2	4	2	2	2	2	2	4	2	4	2	2	2	4	4
735	2	4	2	2	2	2	2	4	2	4	2	2	2	4	4
736	2	4	2	2	2	2	2	4	2	4	2	2	2	4	4
737	2	4	2	2	2	2	2	4	2	4	2	2	2	4	4
738	2	4	2	2	2	2	2	4	2	4	2	2	2	4	4
739	2	4	2	2	2	2	2	4	2	4	2	2	2	4	4
740	2	4	2	2	2	2	2	4	2	4	2	2	2	4	4
741	2	4	2	2	2	2	2	4	2	4	2	2	2	4	4
742	2	4	2	2	2	2	2	4	2	4	2	2	2	4	4
743	2	4	2	2	2	2	2	4	2	4	2	2	2	4	4
744	2	4	2	2	2	2	2	4	2	4	2	2	2	4	4
745	2	4	2	2	2	2	2	4	2	4	2	2	2	4	4
746	2	4	4	4	4	4	4	4	4	4	4	4	4	4	4
747	2	4	4	4	4	4	4	4	4	4	4	4	4	4	4
748	2	4	4	4	4	4	4	4	4	4	4	4	4	4	4
749	2	4	4	4	4	4	4	4	4	4	4	4	4	4	4
750	2	4	4	4	4	4	4	4	4	4	4	4	4	4	4
751	2	4	4	4	4	4	4	4	4	4	4	4	4	4	4
752	2	4	4	4	4	4	4	4	4	4	4	4	4	4	4
753	2	4	4	4	4	4	4	4	4	4	4	4	4	4	4
754	2	4	4	4	4	4	4	4	4	4	4	4	4	4	4
755	2	4	4	4	4	4	4	4	4	4	4	4	4	4	4
756	2	4	4	4	4	4	4	4	4	4	4	4	4	4	4
757	2	4	4	4	4	4	4	4	4	4	4	4	4	4	4
758	2	4	4	4	4	4	4	4	4	4	4	4	4	4	4
759	2	4	4	4	4	4	4	4	4	4	4	4	4	4	4
760	2	4	4	4	4	4	4	4	4	4	4	4	4	4	4
761	2	4	4	4	4	4	4	4	4	4	4	4	4	4	4
762	2	3	3	4	4	4	3	3	3	4	3	4	3	4	4
763	2	3	3	4	4	4	3	3	3	4	3	4	3	4	4
764	2	3	3	4	4	4	3	3	3	4	3	4	3	4	4
765	2	3	3	4	4	4	3	3	3	4	3	4	3	4	4
766	2	3	3	4	4	4	3	3	3	4	3	4	3	4	4
767	2	3	3	4	4	4	3	3	3	4	3	4	3	4	4
768	2	4	4	4	4	4	4	4	4	4	4	4	4	4	4
769	2	4	4	4	4	4	4	4	4	4	4	4	4	4	4
770	2	4	4	4	4	4	4	4	4	4	4	4	4	4	4
771	2	4	4	4	4	4	4	4	4	4	4	4	4	4	4
772	2	4	4	4	4	4	4	4	4	4	4	4	4	4	4
773	2	4	4	4	4	4	4	4	4	4	4	4	4	4	4
774	2	4	4	4	4	4	4	4	4	4	4	4	4	4	4
775	2	4	4	4	4	4	4	4	4	4	4	4	4	4	4
776	2	4	4	4	4	4	4	4	4	4	4	4	4	4	4
777	2	4	4	4	4	4	4	4	4	4	4	4	4	4	4
778	2	4	4	4	4	4	4	4	4	4	4	4	4	4	4
779	2	4	4	4	4	4	4	4	4	4	4	4	4	4	4
780	2	4	4	4	4	4	4	4	4	4	4	4	4	4	4
781	2	4	4	4	4	4	4	4	4	4	4	4	4	4	4
782	2	4	4	4	4	4	4	4	4	4	4	4	4	4	4
783	4	4	4	4	4	4	4	4	4	4	4	4	4	4	4
784	4	4	4	4	4	4	4	4	4	4	4	4	4	4	4
785	4	4	4	4	4	4	4	4	4	4	4	4	4	4	4
786	4	4	4	4	4	4	4	4	4	4	4	4	4	4	4
787	4	4	4	4	4	4	4	4	4	4	4	4	4	4	4
788	4	4	4	4	4	4	4	4	4	4	4	4	4	4	4
789	4	4	4	4	4	4	4	4	4	4	4	4	4	4	4
790	4	4	4	4	4	4	4	4	4	4	4	4	4	4	4
791	4	4	4	4	4	4	4	4	4	4	4	4	4	4	4
792	2	4	4	4	4	4	4	4	4	4	4	4	4	4	4
793	4	4	4	4	4	4	4	4	4	4	4	4	4	4	4
794	2	4	4	4	4	4	4	4	4	4	4	4	4	4	4
795	4	4	4	4	4	4	4	4	4	4	4	4	4	4	4
